desc: I1 cache:         65536 B, 64 B, 2-way associative
desc: D1 cache:         65536 B, 64 B, 2-way associative
desc: LL cache:         1048576 B, 64 B, 16-way associative
cmd: ./simplexpress
events: Ir I1mr ILmr Dr D1mr DLmr Dw D1mw DLmw 
fl=/build/buildd/glibc-2.21/csu/../csu/init-first.c
fn=_init
52 8 1 1 0 0 0 4 0 0
58 4 1 1 1 1 0 1 1 1
65 5 1 1 4 2 0 0 0 0
70 1 0 0 0 0 0 1 1 1
71 1 0 0 0 0 0 1 0 0
72 2 0 0 1 1 0 1 1 1
86 4 0 0 0 0 0 1 0 0
94 1 0 0 0 0 0 1 0 0
99 6 0 0 5 0 0 0 0 0
fl=/build/buildd/glibc-2.21/csu/../sysdeps/generic/dl-hash.h
fn=_init
45 12 0 0 4 1 0 0 0 0
48 12 0 0 0 0 0 0 0 0
49 8 0 0 0 0 0 0 0 0
62 8 0 0 0 0 0 0 0 0
67 1 1 1 0 0 0 0 0 0
fl=/build/buildd/glibc-2.21/csu/../sysdeps/unix/sysv/linux/x86_64/init-first.c
fn=_init
38 10 1 1 0 0 0 4 0 0
40 4 0 0 0 0 0 1 0 0
41 2 0 0 0 0 0 0 0 0
42 2 1 1 0 0 0 0 0 0
43 2 1 1 1 1 0 0 0 0
44 1 0 0 0 0 0 1 1 0
46 3 0 0 0 0 0 1 0 0
50 3 0 0 0 0 0 0 0 0
51 2 0 0 1 0 0 0 0 0
52 1 0 0 0 0 0 1 0 0
fl=/build/buildd/glibc-2.21/csu/../sysdeps/x86_64/multiarch/init-arch.c
fn=__init_cpu_features
31 6 1 1 0 0 0 4 0 0
37 3 0 0 0 0 0 0 0 0
38 3 0 0 0 0 0 0 0 0
39 2 0 0 0 0 0 0 0 0
45 1 0 0 0 0 0 1 0 0
54 3 2 2 0 0 0 1 0 0
57 9 0 0 0 0 0 0 0 0
59 2 0 0 0 0 0 0 0 0
65 3 1 1 0 0 0 0 0 0
66 3 0 0 0 0 0 0 0 0
71 2 0 0 0 0 0 0 0 0
74 1 0 0 0 0 0 0 0 0
75 7 1 1 1 1 1 0 0 0
127 1 1 1 1 1 1 0 0 0
131 2 0 0 0 0 0 0 0 0
156 2 1 1 1 0 0 0 0 0
157 7 1 1 0 0 0 4 0 0
164 3 0 0 1 0 0 0 0 0
196 4 1 1 0 0 0 0 0 0
197 4 0 0 0 0 0 0 0 0
198 2 0 0 0 0 0 0 0 0
201 1 0 0 0 0 0 1 0 0
202 1 0 0 0 0 0 1 0 0
204 1 0 0 0 0 0 1 0 0
205 2 0 0 2 0 0 0 0 0
fl=/build/buildd/glibc-2.21/csu/errno-loc.c
fn=__errno_location
26 2 1 1 2 0 0 0 0 0
27 1 0 0 1 0 0 0 0 0
fl=/build/buildd/glibc-2.21/csu/libc-start.c
fn=(below main)
134 10 1 1 0 0 0 8 0 0
138 7 2 2 1 0 0 1 0 0
218 2 0 0 0 0 0 0 0 0
219 4 0 0 0 0 0 1 0 0
241 4 0 0 2 0 0 0 0 0
244 2 0 0 0 0 0 0 0 0
245 5 1 1 4 0 0 1 0 0
249 4 0 0 2 0 0 0 0 0
264 2 0 0 0 0 0 0 0 0
276 2 0 0 0 0 0 1 0 0
277 2 0 0 0 0 0 0 0 0
282 2 1 1 1 1 0 1 0 0
283 2 0 0 1 1 0 1 0 0
286 2 0 0 0 0 0 1 0 0
289 6 0 0 5 0 0 1 0 0
fl=/build/buildd/glibc-2.21/ctype/../include/ctype.h
fn=__ctype_b_loc
38 6 1 1 6 1 0 0 0 0
39 3 0 0 3 0 0 0 0 0
fl=/build/buildd/glibc-2.21/ctype/ctype-info.c
fn=__ctype_init
31 7 1 1 5 4 0 1 0 0
33 4 1 1 2 1 0 1 0 0
35 5 0 0 3 0 0 1 0 0
fl=/build/buildd/glibc-2.21/debug/vsnprintf_chk.c
fn=__vsnprintf_chk
31 7 1 1 0 0 0 6 0 0
36 2 0 0 0 0 0 0 0 0
42 1 1 1 0 0 0 1 1 0
47 8 0 0 0 0 0 0 0 0
53 6 0 0 0 0 0 1 1 0
54 2 0 0 0 0 0 1 0 0
55 1 0 0 0 0 0 1 0 0
59 2 1 1 0 0 0 0 0 0
60 1 0 0 1 0 0 0 0 0
62 5 0 0 0 0 0 1 0 0
63 4 0 0 0 0 0 1 0 0
65 3 0 0 1 0 0 0 0 0
66 2 0 0 1 0 0 1 0 0
68 8 1 1 7 0 0 0 0 0
fl=/build/buildd/glibc-2.21/elf/../elf/dl-runtime.c
fn=_dl_fixup
66 10 2 2 0 0 0 6 0 0
68 2 0 0 2 0 0 0 0 0
69 4 0 0 4 2 0 0 0 0
72 10 0 0 4 3 0 0 0 0
73 14 0 0 4 1 0 2 0 0
74 6 1 1 4 0 0 0 0 0
79 4 0 0 0 0 0 0 0 0
83 4 0 0 2 1 0 0 0 0
87 6 0 0 2 1 0 0 0 0
91 4 0 0 4 3 0 0 0 0
92 8 0 0 2 0 0 0 0 0
94 8 1 1 2 2 0 0 0 0
100 2 0 0 0 0 0 0 0 0
101 6 0 0 2 0 0 0 0 0
108 4 0 0 2 2 0 2 0 0
111 20 1 1 4 2 0 6 0 0
115 10 0 0 6 0 0 0 0 0
119 8 1 1 2 0 0 2 0 0
125 12 0 0 4 0 0 0 0 0
133 2 0 0 2 0 0 0 0 0
141 8 0 0 2 0 0 0 0 0
145 6 0 0 2 1 0 0 0 0
149 10 1 1 8 0 0 0 0 0
fl=/build/buildd/glibc-2.21/elf/../elf/dl-sysdep.c
fn=_dl_sysdep_start
86 8 2 2 0 0 0 7 1 1
110 1 0 0 0 0 0 1 0 0
111 208 0 0 67 8 8 4 3 3
114 2 1 1 0 0 0 1 0 0
115 1 0 0 0 0 0 1 1 1
117 96 2 2 25 6 6 10 0 0
118 108 1 1 19 2 2 0 0 0
121 1 1 1 1 0 0 0 0 0
122 1 0 0 0 0 0 0 0 0
124 1 0 0 1 0 0 0 0 0
125 1 0 0 0 0 0 0 0 0
127 1 0 0 1 0 0 0 0 0
128 1 0 0 0 0 0 0 0 0
130 1 0 0 1 0 0 0 0 0
131 1 0 0 0 0 0 0 0 0
151 1 0 0 1 0 0 0 0 0
152 1 0 0 0 0 0 0 0 0
154 1 0 0 1 0 0 0 0 0
155 1 0 0 0 0 0 0 0 0
157 1 1 1 1 0 0 0 0 0
158 1 0 0 0 0 0 0 0 0
163 1 1 1 1 0 0 0 0 0
164 1 0 0 0 0 0 0 0 0
179 1 0 0 1 0 0 0 0 0
180 1 0 0 0 0 0 0 0 0
232 3 0 0 0 0 0 2 0 0
234 5 0 0 0 0 0 1 0 0
246 3 0 0 1 0 0 0 0 0
249 6 1 1 2 0 0 1 0 0
250 1 0 0 1 0 0 0 0 0
251 8 0 0 7 1 0 0 0 0
fn=_dl_sysdep_start_cleanup
256 1 1 1 1 0 0 0 0 0
fl=/build/buildd/glibc-2.21/elf/../misc/sbrk.c
fn=sbrk
34 4 1 1 0 0 0 2 0 0
42 6 0 0 2 0 0 0 0 0
46 2 0 0 0 0 0 0 0 0
57 5 1 1 3 0 0 0 0 0
fl=/build/buildd/glibc-2.21/elf/../sysdeps/unix/sysv/linux/dl-osinfo.h
fn=dl_main
64 2 0 0 1 0 0 0 0 0
77 1 0 0 1 0 0 0 0 0
fl=/build/buildd/glibc-2.21/elf/../sysdeps/unix/sysv/linux/dl-sysdep.c
fn=_dl_discover_osversion
45 7 1 1 0 0 0 6 0 0
47 3 1 1 1 0 0 0 0 0
87 5 1 1 0 0 0 1 1 1
102 1 0 0 0 0 0 0 0 0
106 1 0 0 0 0 0 0 0 0
107 1 0 0 0 0 0 0 0 0
109 12 0 0 3 1 1 0 0 0
111 6 0 0 0 0 0 0 0 0
113 17 0 0 4 1 1 0 0 0
115 1 0 0 0 0 0 0 0 0
116 2 0 0 0 0 0 0 0 0
119 3 0 0 0 0 0 0 0 0
120 3 1 1 0 0 0 0 0 0
121 3 0 0 0 0 0 0 0 0
123 13 0 0 0 0 0 0 0 0
128 2 0 0 0 0 0 0 0 0
132 8 1 1 7 0 0 0 0 0
fn=_dl_sysdep_start
35 2 0 0 0 0 0 1 1 1
fl=/build/buildd/glibc-2.21/elf/../sysdeps/unix/sysv/linux/dl-vdso.c
fn=_dl_vdso_vsym
27 8 1 1 8 1 0 0 0 0
28 8 1 1 4 0 0 0 0 0
31 8 1 1 0 0 0 0 0 0
fl=/build/buildd/glibc-2.21/elf/../sysdeps/unix/sysv/linux/x86_64/brk.c
fn=brk
28 1 0 0 0 0 0 0 0 0
31 7 1 1 0 0 0 1 1 1
33 2 1 1 0 0 0 0 0 0
39 1 0 0 0 0 0 0 0 0
40 1 0 0 1 0 0 0 0 0
fl=/build/buildd/glibc-2.21/elf/../sysdeps/x86_64/dl-machine.h
fn=_dl_fixup
211 2 0 0 0 0 0 2 0 0
fn=_dl_relocate_object
71 16 0 0 2 0 0 0 0 0
77 4 0 0 4 1 0 0 0 0
81 6 0 0 2 2 1 0 0 0
87 2 0 0 0 0 0 2 0 0
95 6 0 0 2 0 0 0 0 0
108 4 1 1 0 0 0 2 0 0
111 16 0 0 4 3 1 0 0 0
245 448 0 0 0 0 0 0 0 0
266 448 0 0 0 0 0 0 0 0
270 448 0 0 0 0 0 0 0 0
277 9620 13 13 2309 134 118 1872 0 0
279 1067 0 0 428 0 0 0 0 0
282 856 0 0 214 0 0 0 0 0
285 112 1 1 28 0 0 42 0 0
286 92 1 1 46 0 0 14 0 0
288 1344 1 1 224 3 3 0 0 0
321 2 1 1 0 0 0 0 0 0
322 3 0 0 1 0 0 1 0 0
383 30 1 1 10 0 0 0 0 0
387 70 1 1 30 2 2 0 0 0
392 30 0 0 0 0 0 10 8 8
411 431 1 1 213 26 25 213 27 24
423 6 0 0 0 0 0 3 0 0
488 4389 0 0 1463 366 365 0 0 0
493 2926 0 0 0 0 0 0 0 0
494 4389 0 0 1463 183 183 1463 280 280
504 25 0 0 15 0 0 0 0 0
508 20 0 0 0 0 0 0 0 0
510 30 0 0 10 0 0 0 0 0
511 10 0 0 10 2 1 0 0 0
528 10 0 0 10 0 0 0 0 0
530 5 0 0 0 0 0 5 0 0
531 5 0 0 0 0 0 5 0 0
fn=_dl_start
58 3 0 0 1 1 1 0 0 0
242 7 0 0 0 0 0 0 0 0
270 14 0 0 0 0 0 0 0 0
279 28 0 0 14 1 1 0 0 0
282 28 0 0 7 5 5 0 0 0
288 43 0 0 7 1 1 0 0 0
392 7 1 1 7 1 1 0 0 0
401 7 0 0 0 0 0 7 1 1
493 20 0 0 10 1 1 0 0 0
494 30 1 1 10 1 1 10 2 2
fn=_dl_sysdep_start
201 5 1 1 2 1 1 0 0 0
fl=/build/buildd/glibc-2.21/elf/../sysdeps/x86_64/dl-trampoline.S
fn=_dl_runtime_resolve
58 2 1 1 0 0 0 0 0 0
61 2 0 0 0 0 0 2 0 0
62 2 0 0 0 0 0 2 0 0
63 2 0 0 0 0 0 2 0 0
64 2 0 0 0 0 0 2 0 0
65 2 0 0 0 0 0 2 0 0
66 2 0 0 0 0 0 2 0 0
67 2 0 0 0 0 0 2 0 0
72 2 0 0 0 0 0 0 0 0
73 2 1 1 0 0 0 0 0 0
74 2 0 0 0 0 0 0 0 0
75 2 0 0 0 0 0 0 0 0
85 2 0 0 2 0 0 0 0 0
86 2 0 0 2 0 0 0 0 0
87 2 0 0 0 0 0 2 0 0
88 2 0 0 0 0 0 0 0 0
93 2 0 0 0 0 0 0 0 0
94 2 0 0 0 0 0 0 0 0
95 2 0 0 0 0 0 0 0 0
96 2 0 0 0 0 0 0 0 0
105 2 0 0 2 0 0 0 0 0
106 2 1 1 2 0 0 0 0 0
107 2 0 0 2 0 0 0 0 0
108 2 0 0 2 0 0 0 0 0
109 2 0 0 2 0 0 0 0 0
110 2 0 0 2 0 0 0 0 0
111 2 0 0 2 0 0 0 0 0
113 2 0 0 0 0 0 0 0 0
115 2 0 0 0 0 0 0 0 0
fl=/build/buildd/glibc-2.21/elf/./dl-load.h
fn=_dl_map_object_from_fd
90 8 0 0 0 0 0 0 0 0
91 6 0 0 4 0 0 2 0 0
93 8 0 0 4 1 1 0 0 0
94 5 1 1 3 0 0 0 0 0
95 5 0 0 1 0 0 0 0 0
96 7 1 1 2 0 0 0 0 0
98 3 0 0 0 0 0 1 0 0
fl=/build/buildd/glibc-2.21/elf/./dl-map-segments.h
fn=_dl_map_object_from_fd
37 2 0 0 0 0 0 2 0 0
50 6 0 0 2 0 0 2 0 0
56 16 0 0 6 0 0 4 0 0
60 6 1 1 2 0 0 0 0 0
63 6 0 0 2 0 0 2 0 0
64 4 0 0 0 0 0 2 0 0
66 4 0 0 2 0 0 0 0 0
72 12 1 1 2 0 0 2 0 0
73 8 1 1 4 0 0 0 0 0
76 6 1 1 2 0 0 0 0 0
86 20 0 0 0 0 0 0 0 0
88 8 0 0 4 0 0 0 0 0
90 30 1 1 10 0 0 4 0 0
100 16 1 1 8 0 0 0 0 0
106 4 0 0 2 0 0 0 0 0
107 2 1 1 0 0 0 0 0 0
108 10 0 0 2 0 0 0 0 0
109 4 0 0 0 0 0 0 0 0
116 4 0 0 0 0 0 0 0 0
119 4 0 0 0 0 0 0 0 0
127 22 1 1 6 0 0 8 0 0
133 4 0 0 0 0 0 0 0 0
137 8 0 0 0 0 0 1 0 0
140 2 0 0 0 0 0 0 0 0
145 4 0 0 0 0 0 0 0 0
fl=/build/buildd/glibc-2.21/elf/dl-addr.c
fn=_dl_addr
30 2 0 0 1 0 0 1 0 0
31 2 0 0 1 0 0 1 0 0
34 2 0 0 1 0 0 0 0 0
38 1 1 1 1 0 0 0 0 0
39 1 0 0 1 0 0 0 0 0
40 3 0 0 2 0 0 1 0 0
42 2 0 0 2 0 0 0 0 0
45 2 0 0 1 1 0 0 0 0
50 2031 1 1 2 0 0 0 0 0
52 1011 0 0 1011 20 5 0 0 0
53 2022 0 0 0 0 0 0 0 0
55 3620 0 0 905 0 0 0 0 0
61 11075 1 1 2215 432 383 0 0 0
63 8860 0 0 2215 0 0 0 0 0
64 16188 1 1 5065 323 288 0 0 0
69 2215 0 0 0 0 0 0 0 0
71 8966 1 1 2215 74 39 0 0 0
99 3 0 0 1 1 0 0 0 0
100 1 0 0 0 0 0 1 1 0
101 3 0 0 1 1 0 0 0 0
104 2 0 0 0 0 0 0 0 0
116 1 1 1 0 0 0 1 0 0
117 1 0 0 0 0 0 1 0 0
126 11 1 1 0 0 0 8 0 0
131 3 1 1 2 0 0 1 0 0
133 2 0 0 0 0 0 1 0 0
135 2 0 0 0 0 0 0 0 0
138 2 0 0 0 0 0 0 0 0
141 2 1 1 1 1 0 1 0 0
144 9 0 0 7 0 0 0 0 0
fl=/build/buildd/glibc-2.21/elf/dl-altinit.c
fn=dlinit_alt
33 3 1 1 2 0 0 0 0 0
34 1 0 0 1 0 0 0 0 0
fl=/build/buildd/glibc-2.21/elf/dl-cache.c
fn=_dl_cache_libcmp
138 30 1 1 20 9 9 0 0 0
139 122 0 0 0 0 0 0 0 0
141 174 0 0 0 0 0 0 0 0
143 64 0 0 0 0 0 0 0 0
149 6 0 0 0 0 0 0 0 0
150 6 1 1 0 0 0 0 0 0
151 15 0 0 3 0 0 0 0 0
153 15 0 0 3 0 0 0 0 0
155 6 0 0 0 0 0 0 0 0
161 110 1 1 0 0 0 0 0 0
163 206 0 0 96 0 0 0 0 0
164 21 0 0 7 0 0 0 0 0
167 48 0 0 0 0 0 0 0 0
168 48 0 0 0 0 0 0 0 0
171 6 0 0 3 0 0 0 0 0
fn=_dl_load_cache_lookup
185 9 2 2 0 0 0 6 0 0
193 2 0 0 1 0 0 0 0 0
196 3 0 0 1 0 0 0 0 0
199 5 1 1 0 0 0 1 0 0
207 5 1 1 1 0 0 0 0 0
208 6 0 0 0 0 0 1 0 0
212 1 0 0 0 0 0 1 0 0
215 4 1 1 1 0 0 0 0 0
218 2 0 0 0 0 0 1 0 0
219 3 0 0 0 0 0 0 0 0
220 5 0 0 0 0 0 1 0 0
229 3 1 1 1 0 0 0 0 0
247 2 1 1 0 0 0 0 0 0
256 5 0 0 0 0 0 2 0 0
262 4 0 0 0 0 0 2 0 0
266 7 0 0 2 0 0 3 0 0
267 4 0 0 2 0 0 0 0 0
281 229 9 9 42 8 8 15 0 0
297 2 0 0 1 0 0 0 0 0
301 2 0 0 1 0 0 0 0 0
309 9 1 1 1 0 0 1 0 0
310 3 0 0 0 0 0 1 0 0
311 2 0 0 0 0 0 1 0 0
312 8 0 0 7 0 0 0 0 0
fn=_dl_unload_cache
321 1 0 0 0 0 0 0 0 0
322 4 1 1 1 1 0 0 0 0
324 2 0 0 1 0 0 1 0 0
325 1 0 0 0 0 0 1 0 0
327 2 0 0 1 0 0 0 0 0
fl=/build/buildd/glibc-2.21/elf/dl-debug.c
fn=_dl_debug_initialize
50 8 1 1 0 0 0 0 0 0
51 4 1 1 4 0 0 0 0 0
55 14 0 0 4 1 0 0 0 0
58 1 0 0 0 0 0 1 0 0
59 2 0 0 0 0 0 1 0 0
60 6 0 0 2 0 0 1 0 0
61 2 0 0 0 0 0 1 0 0
fn=_dl_debug_state
74 2 0 0 2 0 0 0 0 0
fl=/build/buildd/glibc-2.21/elf/dl-deps.c
fn=_dl_map_object_deps
144 4 1 1 0 0 0 2 0 0
145 2 0 0 0 0 0 2 0 0
146 7 0 0 0 0 0 2 0 0
152 8 1 1 2 0 0 2 0 0
160 11 1 1 0 0 0 8 0 0
161 9 1 1 0 0 0 0 0 0
178 14 1 1 1 0 0 1 0 0
179 2 0 0 1 0 0 0 0 0
182 3 0 0 0 0 0 2 0 0
188 3 0 0 0 0 0 3 0 0
189 1 1 1 0 0 0 1 0 0
201 2 0 0 1 0 0 1 0 0
202 2 0 0 0 0 0 1 0 0
203 1 0 0 0 0 0 1 0 0
204 2 0 0 0 0 0 2 0 0
209 6 1 1 0 0 0 5 0 0
210 4 0 0 0 0 0 0 0 0
213 4 0 0 0 0 0 4 0 0
217 8 0 0 4 0 0 0 0 0
218 23 2 2 10 1 1 0 0 0
220 2 0 0 0 0 0 0 0 0
222 8 0 0 4 0 0 2 0 0
224 28 1 1 2 0 0 6 0 0
229 16 2 2 8 0 0 0 0 0
231 6 0 0 4 0 0 2 0 0
236 2 0 0 0 0 0 2 0 0
237 2 0 0 0 0 0 2 0 0
238 4 0 0 2 0 0 2 0 0
239 4 0 0 2 0 0 2 0 0
242 220 1 1 57 2 0 0 0 0
243 102 0 0 0 0 0 0 0 0
249 14 1 1 4 0 0 2 0 0
251 2 1 1 0 0 0 2 0 0
254 12 0 0 8 0 0 2 0 0
256 6 0 0 2 0 0 0 0 0
271 2 0 0 2 0 0 0 0 0
273 4 0 0 2 0 0 0 0 0
278 6 0 0 0 0 0 0 0 0
281 2 0 0 0 0 0 2 0 0
282 2 0 0 0 0 0 2 0 0
283 2 0 0 0 0 0 2 0 0
284 4 0 0 2 0 0 2 0 0
286 2 1 1 2 0 0 0 0 0
288 12 0 0 2 0 0 4 0 0
292 6 0 0 2 0 0 0 0 0
293 3 0 0 0 0 0 1 0 0
295 147 1 1 0 0 0 0 0 0
317 9 1 1 0 0 0 4 0 0
459 12 1 1 4 0 0 0 0 0
461 6 0 0 0 0 0 2 0 0
463 4 0 0 0 0 0 2 0 0
464 4 0 0 0 0 0 0 0 0
465 4 0 0 0 0 0 0 0 0
468 2 0 0 0 0 0 2 1 1
469 10 0 0 2 0 0 2 0 0
470 10 0 0 0 0 0 2 0 0
473 2 0 0 0 0 0 2 0 0
474 2 0 0 2 0 0 0 0 0
478 22 2 2 11 0 0 0 0 0
480 4 0 0 4 0 0 0 0 0
481 19 1 1 5 0 0 0 0 0
485 6 1 1 2 0 0 0 0 0
486 1 0 0 0 0 0 1 0 0
489 4 0 0 1 0 0 1 0 0
499 2 0 0 0 0 0 1 0 0
500 3 1 1 1 0 0 0 0 0
502 2 0 0 0 0 0 0 0 0
507 8 1 1 2 0 0 1 0 0
508 6 0 0 4 0 0 1 0 0
510 12 0 0 4 0 0 0 0 0
516 12 0 0 4 0 0 4 1 1
520 12 0 0 8 0 0 0 0 0
523 3 1 1 1 0 0 1 0 0
574 5 0 0 2 0 0 1 0 0
575 1 0 0 0 0 0 1 0 0
576 3 0 0 1 0 0 0 0 0
611 14 2 2 1 0 0 5 0 0
613 2 0 0 0 0 0 0 0 0
617 11 1 1 0 0 0 1 0 0
618 6 2 2 0 0 0 1 0 0
619 5 0 0 1 0 0 1 0 0
623 12 0 0 3 0 0 6 0 0
624 6 0 0 3 0 0 0 0 0
630 17 0 0 3 0 0 0 0 0
632 12 1 1 6 0 0 0 0 0
633 7 0 0 0 0 0 0 0 0
635 9 0 0 3 0 0 0 0 0
636 6 0 0 0 0 0 0 0 0
655 2 2 2 1 0 0 0 0 0
658 3 1 1 0 0 0 0 0 0
661 10 0 0 3 0 0 0 0 0
664 28 1 1 6 0 0 6 0 0
671 2 0 0 1 0 0 1 0 0
673 2 0 0 1 0 0 1 0 0
674 1 0 0 1 0 0 0 0 0
675 3 0 0 1 0 0 0 0 0
682 3 1 1 1 0 0 0 0 0
685 3 0 0 1 0 0 0 0 0
688 8 0 0 7 0 0 0 0 0
fn=openaux
60 4 1 1 0 0 0 2 0 0
63 20 1 1 8 0 0 4 0 0
64 4 0 0 2 0 0 0 0 0
67 2 0 0 2 0 0 0 0 0
68 4 0 0 4 0 0 0 0 0
fl=/build/buildd/glibc-2.21/elf/dl-environ.c
fn=_dl_next_ld_env_entry
30 3 1 1 3 0 0 0 0 0
31 1 0 0 0 0 0 0 0 0
33 199 0 0 66 0 0 0 0 0
35 130 1 1 65 34 34 0 0 0
36 22 0 0 11 1 1 0 0 0
38 2 0 0 0 0 0 0 0 0
41 4 0 0 0 0 0 2 0 0
43 2 0 0 2 0 0 0 0 0
46 63 0 0 0 0 0 0 0 0
50 1 0 0 1 0 0 0 0 0
fl=/build/buildd/glibc-2.21/elf/dl-error.c
fn=_dl_catch_error
163 12 1 1 0 0 0 9 0 0
175 6 1 1 0 0 0 6 3 3
176 6 0 0 0 0 0 6 1 1
177 6 0 0 0 0 0 6 0 0
178 6 0 0 0 0 0 3 0 0
180 6 0 0 3 0 0 6 1 1
181 6 0 0 3 0 0 3 0 0
182 6 1 1 0 0 0 3 0 0
185 18 0 0 0 0 0 3 0 0
187 9 0 0 6 0 0 3 0 0
188 9 0 0 6 0 0 3 0 0
189 6 1 1 3 0 0 3 0 0
190 6 0 0 3 0 0 3 0 0
191 6 0 0 3 0 0 3 0 0
199 12 0 0 6 0 0 0 0 0
fn=_dl_receive_error
205 10 1 1 0 0 0 6 0 0
206 2 0 0 1 0 0 1 0 0
210 1 0 0 1 0 0 0 0 0
211 1 0 0 1 0 0 0 0 0
214 1 0 0 0 0 0 1 0 0
215 1 0 0 0 0 0 1 0 0
217 2 0 0 0 0 0 1 0 0
219 1 1 1 0 0 0 1 0 0
220 1 0 0 0 0 0 1 0 0
221 8 0 0 7 0 0 0 0 0
fl=/build/buildd/glibc-2.21/elf/dl-hwcaps.c
fn=_dl_important_hwcaps
39 12 1 1 0 0 0 10 1 1
41 1 0 0 1 0 0 0 0 0
42 3 0 0 1 0 0 1 0 0
51 3 1 1 1 0 0 0 0 0
61 4 1 1 1 0 0 1 0 0
113 1 0 0 0 0 0 0 0 0
115 5 1 1 0 0 0 1 0 0
130 9 1 1 0 0 0 1 0 0
131 1 0 0 0 0 0 0 0 0
162 2 0 0 0 0 0 0 0 0
170 2 1 1 1 0 0 0 0 0
172 3 0 0 2 0 0 1 0 0
173 5 1 1 1 0 0 1 0 0
177 3 0 0 1 0 0 1 0 0
178 1 0 0 0 0 0 1 0 0
181 2 0 0 0 0 0 0 0 0
184 2 0 0 0 0 0 0 0 0
188 12 1 1 3 0 0 3 0 0
189 2 0 0 0 0 0 0 0 0
207 13 2 2 1 0 0 7 0 0
208 5 0 0 0 0 0 1 0 0
209 5 0 0 3 0 0 0 0 0
238 3 0 0 0 0 0 2 0 0
241 2 0 0 0 0 0 0 0 0
243 6 2 2 3 0 0 2 0 0
244 7 0 0 2 0 0 4 0 0
269 20 1 1 3 0 0 0 0 0
270 8 1 1 0 0 0 4 0 0
274 13 0 0 1 0 0 0 0 0
277 28 1 1 0 0 0 0 0 0
278 32 0 0 4 0 0 0 0 0
279 4 0 0 4 0 0 0 0 0
281 4 1 1 0 0 0 0 0 0
284 3 0 0 1 0 0 0 0 0
285 1 0 0 0 0 0 0 0 0
286 12 1 1 3 0 0 0 0 0
299 6 1 1 2 0 0 2 0 0
300 2 0 0 0 0 0 0 0 0
302 4 0 0 0 0 0 0 0 0
305 3 0 0 2 0 0 1 0 0
307 1 0 0 0 0 0 0 0 0
308 8 0 0 7 0 0 0 0 0
fl=/build/buildd/glibc-2.21/elf/dl-init.c
fn=_dl_init
30 25 1 1 5 0 0 3 0 0
80 11 1 1 0 0 0 6 0 0
81 1 0 0 1 0 0 0 0 0
82 1 0 0 1 0 0 0 0 0
85 3 0 0 1 0 0 0 0 0
88 2 0 0 0 0 0 1 0 0
93 2 0 0 0 0 0 0 0 0
94 2 1 1 1 0 0 0 0 0
104 2 1 1 0 0 0 1 0 0
119 15 0 0 0 0 0 0 0 0
120 12 0 0 8 1 0 0 0 0
126 8 0 0 7 0 0 0 0 0
fn=call_init.part.0
28 20 0 0 0 0 0 20 0 0
36 12 0 0 4 0 0 4 0 0
39 16 1 1 8 1 0 0 0 0
40 3 1 1 0 0 0 0 0 0
44 21 0 0 3 1 0 0 0 0
45 3 0 0 1 0 0 0 0 0
49 4 0 0 2 0 0 0 0 0
58 16 1 1 6 2 0 2 0 0
62 4 0 0 0 0 0 0 0 0
68 6 0 0 4 0 0 0 0 0
70 4 0 0 4 0 0 0 0 0
71 16 1 1 0 0 0 0 0 0
72 15 0 0 3 1 0 3 0 0
74 24 0 0 24 0 0 0 0 0
fl=/build/buildd/glibc-2.21/elf/dl-load.c
fn=_dl_init_paths
659 9 2 2 0 0 0 6 0 0
672 6 0 0 2 0 0 2 0 0
676 1 0 0 0 0 0 1 0 0
677 3 0 0 0 0 0 1 0 0
678 2 0 0 0 0 0 0 0 0
685 5 1 1 0 0 0 0 0 0
686 4 0 0 1 0 0 1 0 0
689 1 0 0 0 0 0 1 0 0
690 2 0 0 0 0 0 1 0 0
692 2 0 0 0 0 0 0 0 0
698 1 0 0 0 0 0 1 0 0
699 1 0 0 0 0 0 1 0 0
707 3 0 0 0 0 0 3 1 1
709 8 1 1 0 0 0 4 1 1
710 4 0 0 0 0 0 4 2 2
712 9 1 1 0 0 0 4 0 0
713 11 1 1 3 1 1 4 1 1
714 9 0 0 0 0 0 0 0 0
717 6 0 0 3 1 1 0 0 0
721 71 1 1 15 0 0 17 0 0
727 1 1 1 0 0 0 1 0 0
728 1 0 0 0 0 0 1 0 0
732 1 0 0 1 0 0 0 0 0
733 2 0 0 0 0 0 0 0 0
735 4 0 0 1 0 0 0 0 0
737 3 0 0 1 0 0 0 0 0
754 1 0 0 0 0 0 1 0 0
756 3 1 1 1 0 0 0 0 0
770 2 1 1 0 0 0 1 0 0
775 5 1 1 1 0 0 0 0 0
783 5 1 1 0 0 0 1 0 0
785 14 1 1 0 0 0 2 0 0
802 76 0 0 25 0 0 0 0 0
804 25 0 0 0 0 0 0 0 0
805 75 0 0 0 0 0 0 0 0
806 25 0 0 0 0 0 0 0 0
809 1 0 0 0 0 0 1 0 0
810 1 0 0 0 0 0 1 0 0
811 2 1 1 0 0 0 0 0 0
817 9 0 0 1 0 0 2 0 0
821 5 1 1 4 0 0 0 0 0
827 1 0 0 0 0 0 1 0 0
831 8 0 0 7 0 0 0 0 0
fn=_dl_map_object
370 5 0 0 0 0 0 1 0 0
374 2 0 0 0 0 0 1 0 0
636 9 2 2 3 0 0 0 0 0
2141 30 1 1 0 0 0 24 2 2
2148 6 0 0 0 0 0 0 0 0
2149 9 0 0 3 0 0 0 0 0
2152 42 1 1 9 0 0 0 0 0
2157 49 1 1 7 0 0 0 0 0
2159 35 0 0 0 0 0 7 0 0
2163 12 0 0 6 0 0 0 0 0
2164 18 0 0 6 0 0 0 0 0
2167 2 0 0 2 0 0 0 0 0
2168 4 0 0 4 0 0 0 0 0
2169 8 0 0 0 0 0 2 0 0
2186 10 1 1 2 0 0 2 1 1
2195 6 1 1 2 0 0 0 0 0
2219 2 0 0 0 0 0 2 0 0
2221 10 1 1 0 0 0 2 0 0
2225 4 1 1 0 0 0 2 0 0
2227 2 1 1 1 0 0 0 0 0
2234 4 0 0 1 0 0 0 0 0
2238 2 1 1 1 0 0 1 0 0
2243 6 2 2 2 0 0 1 0 0
2244 1 0 0 0 0 0 0 0 0
2246 9 0 0 0 0 0 3 0 0
2258 3 1 1 2 0 0 0 0 0
2259 8 1 1 2 0 0 1 0 0
2260 1 0 0 0 0 0 0 0 0
2269 2 0 0 1 0 0 0 0 0
2270 15 1 1 2 0 0 4 0 0
2276 3 0 0 0 0 0 0 0 0
2277 1 0 0 0 0 0 0 0 0
2285 2 1 1 0 0 0 0 0 0
2287 3 0 0 1 0 0 0 0 0
2291 3 1 1 0 0 0 2 0 0
2293 2 0 0 0 0 0 0 0 0
2297 2 0 0 1 0 0 0 0 0
2305 3 0 0 1 1 0 0 0 0
2328 9 1 1 1 0 0 1 0 0
2332 2 0 0 0 0 0 0 0 0
2333 1 0 0 0 0 0 1 0 0
2350 2 0 0 1 0 0 0 0 0
2356 1 0 0 0 0 0 1 0 0
2358 2 0 0 1 0 0 0 0 0
2359 3 0 0 0 0 0 0 0 0
2363 10 1 1 0 0 0 2 0 0
2366 4 0 0 2 0 0 0 0 0
2377 2 0 0 0 0 0 0 0 0
2378 4 0 0 0 0 0 0 0 0
2380 6 0 0 0 0 0 0 0 0
2412 1 0 0 0 0 0 0 0 0
2424 4 1 1 2 0 0 2 0 0
2425 26 0 0 4 0 0 8 0 0
2427 24 1 1 21 0 0 0 0 0
fn=_dl_map_object_from_fd
868 30 2 2 0 0 0 20 0 0
879 8 0 0 2 0 0 4 0 0
880 2 1 1 0 0 0 2 0 0
883 12 0 0 0 0 0 2 0 0
894 29 1 1 9 0 0 0 0 0
895 26 1 1 14 2 2 0 0 0
912 4 1 1 2 0 0 0 0 0
937 4 0 0 2 0 0 0 0 0
947 4 0 0 2 0 0 0 0 0
969 8 0 0 4 0 0 0 0 0
1001 4 0 0 0 0 0 0 0 0
1004 16 0 0 8 0 0 2 0 0
1005 4 0 0 0 0 0 0 0 0
1016 6 0 0 4 0 0 2 0 0
1017 8 0 0 4 0 0 4 0 0
1018 4 1 1 2 0 0 2 0 0
1020 8 0 0 0 0 0 0 0 0
1021 8 0 0 4 0 0 0 0 0
1022 2 1 1 0 0 0 0 0 0
1041 20 0 0 0 0 0 4 0 0
1049 142 1 1 0 0 0 0 0 0
1050 127 2 2 17 0 0 0 0 0
1056 4 0 0 2 0 0 2 0 0
1057 6 0 0 2 0 0 2 0 0
1058 2 0 0 0 0 0 0 0 0
1061 2 0 0 1 0 0 1 0 0
1062 1 0 0 0 0 0 0 0 0
1067 20 1 1 8 0 0 0 0 0
1072 32 1 1 8 0 0 0 0 0
1080 16 0 0 0 0 0 0 0 0
1081 16 0 0 0 0 0 4 2 2
1082 12 0 0 4 0 0 0 0 0
1083 8 0 0 0 0 0 4 0 0
1084 8 0 0 0 0 0 4 2 2
1085 8 0 0 4 0 0 4 0 0
1086 8 1 1 0 0 0 4 2 2
1090 8 0 0 0 0 0 0 0 0
1091 12 0 0 6 0 0 2 0 0
1095 8 1 1 0 0 0 0 0 0
1096 28 0 0 4 0 0 4 0 0
1106 4 0 0 0 0 0 0 0 0
1109 3 1 1 1 0 0 0 0 0
1113 1 0 0 0 0 0 1 1 1
1114 2 0 0 1 0 0 1 0 0
1115 2 0 0 0 0 0 0 0 0
1118 3 0 0 1 0 0 1 0 0
1119 2 1 1 1 0 0 1 0 0
1122 2 0 0 1 0 0 1 0 0
1126 4 0 0 1 0 0 0 0 0
1132 3 0 0 1 0 0 2 0 0
1133 1 0 0 0 0 0 0 0 0
1137 16 0 0 2 0 0 6 0 0
1188 4 1 1 2 0 0 2 0 0
1189 2 0 0 0 0 0 0 0 0
1192 6 0 0 4 0 0 2 1 1
1193 4 0 0 2 0 0 2 0 0
1194 2 0 0 0 0 0 0 0 0
1197 4 1 1 0 0 0 0 0 0
1206 4 0 0 0 0 0 0 0 0
1216 16 1 1 6 0 0 2 0 0
1228 8 1 1 4 0 0 0 0 0
1237 6 0 0 2 0 0 2 0 0
1244 8 0 0 2 0 0 0 0 0
1259 6 1 1 2 0 0 0 0 0
1278 4 0 0 2 0 0 2 0 0
1280 10 0 0 4 0 0 0 0 0
1334 6 0 0 2 1 1 0 0 0
1335 2 0 0 1 0 0 1 0 0
1338 8 1 1 2 0 0 2 0 0
1347 4 0 0 2 0 0 0 0 0
1349 8 1 1 4 0 0 2 0 0
1351 4 0 0 2 0 0 0 0 0
1367 4 0 0 0 0 0 2 0 0
1371 4 0 0 2 0 0 0 0 0
1372 4 0 0 2 0 0 0 0 0
1389 4 0 0 2 0 0 0 0 0
1390 1 0 0 0 0 0 1 0 0
1393 4 0 0 2 0 0 2 0 0
1394 4 0 0 2 0 0 2 0 0
1398 4 1 1 2 0 0 0 0 0
1408 6 0 0 2 0 0 2 0 0
1412 8 1 1 2 0 0 0 0 0
1432 16 1 1 14 0 0 0 0 0
fn=fillin_rpath
370 10 0 0 0 0 0 2 0 0
374 6 0 0 0 0 0 2 0 0
431 17 1 1 0 0 0 12 0 0
433 1 0 0 0 0 0 0 0 0
436 13 1 1 0 0 0 3 0 0
442 6 0 0 0 0 0 2 0 0
446 4 1 1 0 0 0 0 0 0
453 16 2 2 2 0 0 0 0 0
458 6 0 0 0 0 0 2 0 0
461 6 0 0 2 0 0 0 0 0
468 39 0 0 11 0 0 2 0 0
469 18 1 1 9 0 0 0 0 0
487 8 2 2 2 0 0 2 0 0
490 4 0 0 0 0 0 2 0 0
491 16 1 1 4 0 0 6 0 0
493 8 0 0 4 0 0 0 0 0
497 2 0 0 0 0 0 2 0 0
498 2 0 0 0 0 0 0 0 0
499 10 0 0 0 0 0 6 0 0
500 2 0 0 0 0 0 2 0 0
502 6 1 1 4 0 0 0 0 0
508 8 0 0 2 0 0 0 0 0
509 28 1 1 0 0 0 0 0 0
510 20 0 0 0 0 0 4 0 0
512 4 0 0 2 0 0 2 0 0
513 4 1 1 2 0 0 0 0 0
518 4 1 1 0 0 0 2 0 0
520 6 0 0 2 0 0 2 0 0
521 2 0 0 0 0 0 2 0 0
524 4 0 0 0 0 0 2 0 0
526 8 1 1 4 0 0 2 0 0
530 1 0 0 0 0 0 1 0 0
533 9 0 0 7 0 0 0 0 0
fn=open_path
1992 8 1 1 0 0 0 6 0 0
1993 2 1 1 1 0 0 1 0 0
1996 2 0 0 0 0 0 2 0 0
1997 1 0 0 0 0 0 1 0 0
1999 2 0 0 0 0 0 0 0 0
2004 16 1 1 2 0 0 6 1 1
2007 2 0 0 2 0 0 0 0 0
2016 4 0 0 2 0 0 0 0 0
2023 10 0 0 4 0 0 4 1 1
2024 52 3 3 2 0 0 0 0 0
2027 16 0 0 8 0 0 0 0 0
2031 96 1 1 48 0 0 16 0 0
2034 16 0 0 0 0 0 0 0 0
2037 16 0 0 8 0 0 0 0 0
2040 64 1 1 40 0 0 8 0 0
2042 24 0 0 8 0 0 0 0 0
2044 16 0 0 0 0 0 0 0 0
2049 16 1 1 8 0 0 0 0 0
2050 72 1 1 32 0 0 0 0 0
2056 24 0 0 8 0 0 8 0 0
2058 48 0 0 8 0 0 8 0 0
2059 30 1 1 10 0 0 8 0 0
2061 12 0 0 0 0 0 0 0 0
2068 16 0 0 0 0 0 0 0 0
2070 3 1 1 0 0 0 1 0 0
2078 4 0 0 1 0 0 1 0 0
2106 1 0 0 0 0 0 0 0 0
2109 10 1 1 2 0 0 0 0 0
2114 2 0 0 2 0 0 0 0 0
2116 8 0 0 6 0 0 0 0 0
2119 3 0 0 1 0 0 0 0 0
2133 8 1 1 7 0 0 0 0 0
fn=open_verify
1683 14 1 1 1 0 0 8 0 0
1719 3 0 0 1 0 0 0 0 0
1740 5 1 1 1 0 0 1 1 1
1741 2 0 0 0 0 0 0 0 0
1751 1 0 0 0 0 0 1 0 0
1752 2 1 1 0 0 0 1 1 1
1757 6 0 0 0 0 0 1 0 0
1759 2 0 0 0 0 0 0 0 0
1761 3 0 0 1 0 0 1 0 0
1763 2 0 0 0 0 0 0 0 0
1769 2 1 1 0 0 0 0 0 0
1785 20 1 1 3 0 0 4 0 0
1859 2 0 0 1 0 0 0 0 0
1864 2 0 0 1 0 0 0 0 0
1866 4 1 1 1 0 0 0 0 0
1872 2 0 0 0 0 0 0 0 0
1883 2 0 0 1 1 1 0 0 0
1889 5 0 0 1 0 0 0 0 0
1890 4 0 0 1 0 0 0 0 0
1891 2 1 1 0 0 0 1 0 0
1911 62 0 0 7 0 0 0 0 0
1913 19 1 1 9 5 5 0 0 0
1917 4 0 0 2 0 0 0 0 0
1918 2 0 0 0 0 0 0 0 0
1927 6 1 1 0 0 0 1 0 0
1930 1 0 0 0 0 0 0 0 0
1931 3 0 0 1 0 0 0 0 0
1932 3 0 0 1 0 0 0 0 0
1934 3 0 0 0 0 0 0 0 0
1978 10 2 2 8 0 0 0 0 0
fn=open_verify.constprop.8
1681 108 1 1 0 0 0 72 1 1
1719 45 0 0 9 0 0 0 0 0
1740 45 1 1 9 0 0 9 0 0
1741 18 0 0 0 0 0 0 0 0
1751 1 0 0 0 0 0 1 0 0
1752 2 0 0 0 0 0 1 0 0
1757 6 1 1 0 0 0 1 0 0
1759 2 0 0 0 0 0 0 0 0
1761 3 0 0 1 0 0 1 0 0
1763 2 0 0 0 0 0 0 0 0
1769 2 0 0 0 0 0 0 0 0
1785 27 3 3 4 0 0 5 0 0
1859 2 0 0 1 0 0 0 0 0
1864 2 0 0 1 0 0 0 0 0
1866 4 0 0 1 0 0 0 0 0
1872 2 1 1 0 0 0 0 0 0
1883 2 0 0 1 0 0 0 0 0
1889 5 0 0 1 0 0 0 0 0
1890 4 0 0 1 0 0 0 0 0
1891 2 0 0 0 0 0 1 0 0
1911 46 1 1 5 0 0 0 0 0
1913 17 1 1 8 0 0 0 0 0
1917 4 0 0 2 0 0 0 0 0
1918 2 0 0 0 0 0 0 0 0
1927 12 1 1 0 0 0 2 0 0
1930 1 0 0 0 0 0 0 0 0
1931 3 0 0 1 0 0 0 0 0
1932 3 0 0 1 0 0 0 0 0
1934 3 0 0 0 0 0 0 0 0
1939 1 0 0 0 0 0 0 0 0
1940 1 0 0 0 0 0 0 0 0
1943 2 0 0 0 0 0 0 0 0
1946 3 1 1 1 0 0 0 0 0
1947 5 0 0 1 0 0 0 0 0
1948 2 0 0 1 0 0 0 0 0
1949 3 0 0 1 0 0 0 0 0
1950 3 0 0 1 0 0 0 0 0
1955 8 0 0 0 0 0 0 0 0
1978 72 2 2 63 0 0 0 0 0
fl=/build/buildd/glibc-2.21/elf/dl-lookup.c
fn=_dl_lookup_symbol_x
514 10072 0 0 2362 113 105 0 0 0
515 8616 2 1 0 0 0 0 0 0
752 3120 2 2 208 0 0 2080 2 0
754 416 0 0 0 0 0 208 0 0
755 416 2 1 0 0 0 416 0 0
758 208 0 0 208 1 0 0 0 0
762 796 0 0 190 0 0 0 0 0
766 416 0 0 0 0 0 208 0 0
767 416 0 0 0 0 0 0 0 0
769 416 0 0 416 2 0 0 0 0
773 2338 2 1 218 0 0 624 0 0
775 2704 4 2 1456 0 0 1456 0 0
778 624 0 0 0 0 0 0 0 0
781 10 0 0 0 0 0 0 0 0
804 624 0 0 416 0 0 0 0 0
806 70 1 1 20 0 0 0 0 0
822 10 0 0 0 0 0 10 0 0
823 20 1 1 0 0 0 0 0 0
826 198 0 0 198 0 0 0 0 0
827 1386 0 0 396 0 0 0 0 0
853 198 0 0 0 0 0 0 0 0
862 990 2 1 198 0 0 0 0 0
876 594 0 0 198 3 0 0 0 0
877 2 1 1 0 0 0 1 0 0
879 792 0 0 396 0 0 0 0 0
884 198 0 0 0 0 0 198 0 0
886 1664 1 1 1456 0 0 0 0 0
fn=_dl_setup_hash
897 12 1 1 4 0 0 0 0 0
901 4 0 0 4 0 0 0 0 0
905 8 0 0 4 4 4 4 0 0
906 4 0 0 4 0 0 0 0 0
907 4 0 0 4 1 1 0 0 0
909 12 0 0 0 0 0 0 0 0
910 4 0 0 0 0 0 4 0 0
911 12 0 0 4 0 0 4 0 0
913 4 1 1 0 0 0 4 0 0
914 8 0 0 0 0 0 0 0 0
916 4 0 0 0 0 0 4 0 0
918 12 0 0 0 0 0 4 0 0
919 4 0 0 4 0 0 0 0 0
fn=check_match
92 1188 1 1 198 0 0 792 1 0
93 396 0 0 198 100 90 0 0 0
95 1782 0 0 396 7 7 0 0 0
107 1188 2 1 198 0 0 198 2 0
110 1530 0 0 246 0 0 123 0 0
114 198 2 1 198 2 0 0 0 0
115 396 0 0 0 0 0 0 0 0
117 380 0 0 0 0 0 0 0 0
136 380 0 0 380 26 21 0 0 0
137 1520 0 0 570 7 0 0 0 0
138 950 1 1 380 0 0 190 0 0
165 16 0 0 0 0 0 0 0 0
167 48 1 1 16 1 1 0 0 0
168 24 0 0 0 0 0 0 0 0
183 1386 1 1 990 0 0 0 0 0
fn=do_lookup_x
197 130 1 1 130 0 0 0 0 0
355 2912 2 2 416 0 0 2080 1 0
356 208 0 0 208 2 0 0 0 0
362 208 0 0 208 0 0 0 0 0
366 1252 0 0 1252 5 0 0 0 0
369 1252 0 0 0 0 0 0 0 0
373 2084 0 0 208 0 0 208 0 0
377 1252 1 1 626 3 0 0 0 0
381 1252 0 0 626 0 0 0 0 0
387 1878 0 0 626 0 0 0 0 0
391 626 0 0 0 0 0 626 0 0
392 626 0 0 0 0 0 626 0 0
395 1878 1 1 1252 7 0 0 0 0
396 1878 0 0 1252 0 0 626 0 0
399 626 0 0 626 0 0 0 0 0
400 1252 0 0 0 0 0 0 0 0
402 626 0 0 626 49 34 0 0 0
403 832 1 1 0 0 0 416 0 0
404 1252 0 0 1252 0 0 0 0 0
406 1664 0 0 0 0 0 624 0 0
407 2504 1 1 1252 0 0 0 0 0
410 4382 0 0 626 0 0 0 0 0
413 466 0 0 466 74 64 0 0 0
414 932 1 1 233 0 0 0 0 0
415 466 1 1 0 0 0 0 0 0
417 2912 1 1 672 0 0 1120 0 0
420 2140 0 0 428 123 105 0 0 0
422 990 1 1 198 0 0 0 0 0
423 2574 0 0 1386 0 0 1188 2 0
424 198 0 0 0 0 0 0 0 0
427 594 0 0 0 0 0 0 0 0
430 690 0 0 0 0 0 0 0 0
439 1584 1 1 990 0 0 0 0 0
461 52 0 0 0 0 0 0 0 0
466 1388 1 1 198 0 0 0 0 0
470 345 1 1 49 2 0 0 0 0
482 396 0 0 198 0 0 198 0 0
483 198 0 0 0 0 0 198 0 0
484 396 0 0 0 0 0 0 0 0
499 2400 0 0 1200 3 0 0 0 0
500 1185 0 0 0 0 0 237 0 0
501 78 1 1 26 0 0 0 0 0
503 1284 1 1 0 0 0 0 0 0
506 20 0 0 0 0 0 0 0 0
507 1664 0 0 1456 0 0 0 0 0
fl=/build/buildd/glibc-2.21/elf/dl-minimal.c
fn=__libc_memalign
51 72 1 1 0 0 0 48 2 2
52 95 1 1 47 0 0 0 0 0
57 3 0 0 0 0 0 1 0 0
58 3 1 1 1 0 0 0 0 0
59 1 0 0 0 0 0 0 0 0
63 72 0 0 0 0 0 24 0 0
64 24 0 0 0 0 0 0 0 0
66 156 0 0 0 0 0 0 0 0
70 12 1 1 3 0 0 0 0 0
71 6 0 0 0 0 0 0 0 0
77 24 0 0 0 0 0 3 0 0
79 15 0 0 6 0 0 0 0 0
83 9 0 0 0 0 0 3 0 0
86 24 0 0 0 0 0 24 0 0
87 24 0 0 0 0 0 24 0 0
89 120 0 0 72 0 0 0 0 0
fn=calloc
102 8 1 1 0 0 0 0 0 0
106 8 0 0 0 0 0 0 0 0
109 16 0 0 0 0 0 0 0 0
110 24 0 0 0 0 0 0 0 0
113 8 0 0 0 0 0 0 0 0
fn=free
121 4 1 1 2 0 0 0 0 0
128 2 0 0 2 0 0 0 0 0
fn=malloc
93 23 1 1 0 0 0 0 0 0
94 46 0 0 0 0 0 0 0 0
fn=strsep
338 10 1 1 5 1 0 0 0 0
340 5 0 0 5 0 0 0 0 0
341 10 0 0 0 0 0 0 0 0
345 376 0 0 74 0 0 0 0 0
350 286 1 1 143 0 0 0 0 0
352 426 0 0 142 0 0 0 0 0
356 2 0 0 0 0 0 1 0 0
360 71 0 0 0 0 0 0 0 0
363 3 0 0 0 0 0 3 0 0
367 5 0 0 5 0 0 0 0 0
fl=/build/buildd/glibc-2.21/elf/dl-misc.c
fn=_dl_name_match_p
288 1255 1 1 0 0 0 502 0 0
289 1004 0 0 251 1 0 251 0 0
290 254 0 0 0 0 0 0 0 0
292 251 1 1 251 0 0 0 0 0
294 1006 0 0 0 0 0 0 0 0
295 1275 0 0 255 0 0 255 0 0
298 252 0 0 252 0 0 0 0 0
300 248 0 0 0 0 0 0 0 0
301 1255 1 1 753 0 0 0 0 0
fn=_dl_sysdep_read_whole_file
45 7 1 1 0 0 0 4 0 0
46 1 0 0 0 0 0 0 0 0
52 4 0 0 0 0 0 1 0 0
53 2 0 0 0 0 0 0 0 0
55 6 0 0 0 0 0 1 0 0
57 2 1 1 1 0 0 1 0 0
60 2 0 0 0 0 0 0 0 0
62 8 1 1 0 0 0 1 0 0
73 2 0 0 0 0 0 1 0 0
76 7 0 0 5 0 0 0 0 0
fl=/build/buildd/glibc-2.21/elf/dl-object.c
fn=_dl_add_to_namespace_list
32 15 1 1 0 0 0 9 0 0
34 9 1 1 3 0 0 3 0 0
36 22 0 0 3 0 0 0 0 0
39 15 0 0 5 0 0 0 0 0
41 2 0 0 0 0 0 2 0 0
43 2 0 0 0 0 0 2 0 0
46 2 0 0 0 0 0 1 0 0
47 9 1 1 3 0 0 0 0 0
48 6 0 0 3 0 0 3 0 0
49 6 0 0 0 0 0 3 0 0
51 9 0 0 3 0 0 0 0 0
52 9 0 0 9 0 0 0 0 0
fn=_dl_new_object
61 42 1 1 0 0 0 30 3 3
62 9 0 0 0 0 0 3 0 0
68 39 2 2 6 0 0 0 0 0
75 15 0 0 0 0 0 6 0 0
78 6 1 1 0 0 0 0 0 0
81 3 0 0 0 0 0 3 3 3
82 6 0 0 0 0 0 3 3 3
86 6 0 0 0 0 0 3 1 1
87 15 0 0 6 0 0 6 0 0
89 3 1 1 0 0 0 3 0 0
97 18 0 0 6 0 0 3 0 0
98 18 0 0 6 3 3 3 0 0
101 6 0 0 3 0 0 0 0 0
102 6 1 1 0 0 0 3 3 3
103 3 1 1 0 0 0 3 0 0
107 3 0 0 0 0 0 3 0 0
110 43 0 0 0 0 0 0 0 0
112 32 0 0 0 0 0 16 5 5
122 6 0 0 0 0 0 3 0 0
123 3 1 1 0 0 0 3 3 3
126 1 1 1 0 0 0 0 0 0
128 18 0 0 3 1 1 0 0 0
130 8 1 1 0 0 0 2 1 1
133 9 0 0 0 0 0 0 0 0
137 6 0 0 2 0 0 0 0 0
141 14 0 0 2 0 0 0 0 0
143 6 1 1 1 0 0 0 0 0
149 1 0 0 0 0 0 1 1 1
152 6 0 0 0 0 0 3 0 0
155 6 0 0 0 0 0 0 0 0
157 14 1 1 2 0 0 6 0 0
161 10 0 0 2 0 0 0 0 0
165 6 1 1 0 0 0 2 0 0
166 8 1 1 0 0 0 0 0 0
211 48 0 0 4 0 0 2 0 0
216 42 0 0 0 0 0 0 0 0
217 88 0 0 42 0 0 0 0 0
222 4 0 0 0 0 0 2 0 0
225 4 0 0 0 0 0 2 1 1
229 24 1 1 21 0 0 0 0 0
fl=/build/buildd/glibc-2.21/elf/dl-open.c
fn=_dl_find_dso_for_object
182 5 1 1 1 0 0 0 0 0
183 10 1 1 3 0 0 0 0 0
184 12 1 1 6 0 0 0 0 0
185 2 0 0 1 0 0 0 0 0
188 2 0 0 1 0 0 0 0 0
192 1 0 0 1 0 0 0 0 0
fl=/build/buildd/glibc-2.21/elf/dl-reloc.c
fn=_dl_relocate_object
154 48 2 2 0 0 0 32 0 0
161 4 0 0 0 0 0 4 0 0
164 6 1 1 0 0 0 0 0 0
165 20 1 1 0 0 0 12 0 0
169 8 0 0 0 0 0 0 0 0
170 16 0 0 8 2 0 0 0 0
176 8 0 0 4 0 0 0 0 0
182 12 0 0 4 0 0 0 0 0
183 8 1 1 4 2 0 0 0 0
184 1 0 0 0 0 0 0 0 0
186 8 0 0 4 0 0 0 0 0
193 8 0 0 4 1 0 0 0 0
238 12 1 1 8 0 0 4 0 0
264 204 3 3 68 12 0 52 0 0
267 12 0 0 4 0 0 0 0 0
299 4 1 1 4 0 0 0 0 0
302 12 0 0 8 0 0 0 0 0
319 12 0 0 4 3 0 0 0 0
321 32 0 0 28 0 0 0 0 0
327 16 1 1 8 0 0 0 0 0
328 8 1 1 4 0 0 0 0 0
329 8 0 0 0 0 0 0 0 0
332 8 0 0 0 0 0 0 0 0
333 20 0 0 0 0 0 4 0 0
fl=/build/buildd/glibc-2.21/elf/dl-tls.c
fn=_dl_add_to_slotinfo
889 4 1 1 0 0 0 3 0 0
895 2 0 0 1 0 0 0 0 0
898 1 0 0 1 1 0 0 0 0
903 5 0 0 1 1 0 0 0 0
944 1 1 1 0 0 0 1 0 0
945 3 0 0 1 1 0 1 0 0
946 4 0 0 4 0 0 0 0 0
fn=_dl_allocate_tls_init
449 7 0 0 0 0 0 6 0 0
450 2 1 1 0 0 0 0 0 0
454 2 0 0 1 1 0 1 0 0
456 1 1 1 0 0 0 0 0 0
457 1 0 0 0 0 0 0 0 0
460 4 0 0 2 1 0 1 0 0
472 3 0 0 1 0 0 1 0 0
477 12 0 0 2 1 0 0 0 0
483 9 1 1 0 0 0 0 0 0
486 1 1 1 1 0 0 0 0 0
487 2 0 0 0 0 0 0 0 0
493 3 0 0 2 0 0 0 0 0
494 2 0 0 0 0 0 0 0 0
496 2 0 0 0 0 0 0 0 0
497 2 1 1 1 0 0 0 0 0
506 2 0 0 1 0 0 0 0 0
507 4 0 0 2 0 0 0 0 0
509 2 0 0 0 0 0 0 0 0
510 2 1 1 1 0 0 0 0 0
518 4 0 0 1 0 0 1 0 0
519 1 0 0 0 0 0 1 0 0
520 11 0 0 4 0 0 2 0 0
534 2 1 1 1 0 0 1 0 0
536 1 0 0 1 0 0 0 0 0
537 8 0 0 7 0 0 0 0 0
fn=_dl_allocate_tls_storage
321 2 0 0 1 0 0 0 0 0
322 3 2 2 0 0 0 1 0 0
323 2 0 0 0 0 0 0 0 0
326 1 0 0 0 0 0 1 1 1
332 2 0 0 0 0 0 1 0 0
354 3 1 1 0 0 0 3 0 0
356 1 0 0 1 0 0 0 0 0
367 4 0 0 1 0 0 1 0 0
368 2 0 0 0 0 0 0 0 0
375 1 0 0 0 0 0 0 0 0
379 297 0 0 0 0 0 289 36 36
396 5 0 0 4 0 0 0 0 0
fn=_dl_count_modids
115 2 1 1 1 0 0 0 0 0
116 2 0 0 2 0 0 0 0 0
fn=_dl_determine_tlsoffset
138 7 1 1 0 0 0 6 0 0
144 3 1 1 1 0 0 0 0 0
147 2 0 0 1 0 0 0 0 0
183 9 1 1 2 0 0 0 0 0
185 10 1 1 1 0 0 0 0 0
187 4 0 0 1 0 0 0 0 0
188 2 1 1 1 0 0 0 0 0
190 2 0 0 0 0 0 0 0 0
192 6 1 1 1 0 0 0 0 0
208 6 0 0 0 0 0 0 0 0
210 3 0 0 0 0 0 0 0 0
211 1 0 0 0 0 0 0 0 0
220 1 0 0 0 0 0 1 0 0
223 4 0 0 0 0 0 1 0 0
224 1 0 0 0 0 0 1 0 0
275 1 0 0 0 0 0 1 0 0
276 8 0 0 7 0 0 0 0 0
fn=_dl_next_tls_modid
49 1 1 1 0 0 0 0 0 0
52 4 0 0 2 0 0 0 0 0
100 1 0 0 0 0 0 1 0 0
104 2 0 0 1 0 0 0 0 0
fl=/build/buildd/glibc-2.21/elf/dl-version.c
fn=_dl_check_all_versions
380 6 1 1 0 0 0 4 0 0
384 18 0 0 4 0 0 0 0 0
385 4 0 0 0 0 0 0 0 0
386 40 1 1 4 0 0 4 0 0
389 7 0 0 5 0 0 0 0 0
fn=_dl_check_map_versions
56 24 0 0 4 0 0 0 0 0
57 5 0 0 5 0 0 0 0 0
58 37 1 1 0 0 0 7 0 0
174 36 1 1 0 0 0 24 0 0
175 2 0 0 0 0 0 0 0 0
183 2 0 0 0 0 0 0 0 0
189 12 1 1 4 0 0 0 0 0
190 2 0 0 0 0 0 0 0 0
191 8 0 0 4 0 0 4 0 0
193 8 0 0 4 1 0 4 0 0
194 16 0 0 4 0 0 12 0 0
196 12 0 0 0 0 0 0 0 0
199 6 0 0 4 0 0 2 0 0
203 12 1 1 4 2 2 0 0 0
220 4 0 0 4 0 0 0 0 0
228 6 0 0 2 0 0 0 0 0
233 16 1 1 4 0 0 0 0 0
237 158 1 1 84 3 3 16 0 0
244 48 0 0 24 0 0 0 0 0
247 24 0 0 8 0 0 0 0 0
252 6 0 0 0 0 0 0 0 0
256 12 1 1 4 0 0 0 0 0
270 8 1 1 4 0 0 0 0 0
273 8 0 0 6 0 0 0 0 0
276 112 0 0 28 2 2 0 0 0
279 84 0 0 28 0 0 0 0 0
283 26 0 0 0 0 0 0 0 0
287 9 1 1 0 0 0 0 0 0
292 3 0 0 0 0 0 3 0 0
293 12 0 0 0 0 0 3 0 0
294 6 0 0 0 0 0 0 0 0
302 3 0 0 0 0 0 3 0 0
305 9 1 1 6 0 0 3 0 0
307 9 0 0 3 0 0 0 0 0
310 8 0 0 6 0 0 0 0 0
314 6 0 0 2 0 0 0 0 0
317 24 1 1 8 0 0 0 0 0
319 24 0 0 0 0 0 0 0 0
321 40 0 0 8 0 0 8 0 0
322 24 0 0 0 0 0 8 3 3
323 24 0 0 8 0 0 8 1 1
324 24 1 1 8 0 0 8 0 0
327 24 0 0 8 0 0 0 0 0
332 6 0 0 0 0 0 0 0 0
335 6 0 0 2 0 0 0 0 0
345 9 0 0 3 0 0 0 0 0
348 8 0 0 6 0 0 0 0 0
352 28 0 0 28 0 0 0 0 0
354 56 0 0 28 0 0 0 0 0
358 26 0 0 26 0 0 0 0 0
359 130 0 0 26 0 0 26 8 8
360 78 0 0 26 0 0 26 0 0
361 26 0 0 0 0 0 26 3 3
364 84 0 0 28 0 0 0 0 0
368 26 0 0 0 0 0 0 0 0
374 35 2 2 28 0 0 0 0 0
fn=match_symbol
76 104 1 1 0 0 0 64 0 0
77 16 0 0 16 0 0 0 0 0
85 16 0 0 8 0 0 0 0 0
91 24 1 1 8 1 0 0 0 0
106 8 0 0 8 0 0 0 0 0
107 16 0 0 0 0 0 0 0 0
109 8 0 0 8 0 0 0 0 0
114 124 0 0 62 8 8 0 0 0
128 124 0 0 62 3 3 0 0 0
130 8 1 1 8 0 0 0 0 0
133 48 0 0 8 0 0 8 0 0
140 162 0 0 54 2 2 0 0 0
144 54 0 0 0 0 0 0 0 0
168 64 0 0 56 0 0 0 0 0
fl=/build/buildd/glibc-2.21/elf/do-rel.h
fn=_dl_relocate_object
47 16 0 0 8 0 0 0 0 0
48 8 0 0 8 0 0 0 0 0
58 24 0 0 8 0 0 0 0 0
61 53 1 1 0 0 0 0 0 0
63 45 1 1 15 6 6 0 0 0
65 16 0 0 0 0 0 0 0 0
74 4 0 0 0 0 0 0 0 0
75 36 1 1 17 0 0 0 0 0
76 10 0 0 5 0 0 0 0 0
83 12 0 0 6 0 0 6 0 0
84 6 1 1 6 0 0 0 0 0
86 12 0 0 0 0 0 0 0 0
98 18 0 0 0 0 0 0 0 0
108 8 0 0 0 0 0 0 0 0
111 4400 0 0 0 0 0 0 0 0
112 2926 1 1 1463 0 0 0 0 0
118 18 0 0 6 1 0 0 0 0
121 10 1 1 5 1 0 5 0 0
124 676 1 1 3 0 0 3 0 0
127 876 0 0 219 55 53 0 0 0
136 657 0 0 438 47 43 0 0 0
137 1278 0 0 219 0 0 219 0 0
138 420 0 0 219 0 0 0 0 0
139 438 1 1 219 0 0 0 0 0
143 6 0 0 0 0 0 0 0 0
160 21 2 2 0 0 0 3 0 0
162 20 0 0 5 2 2 0 0 0
170 25 1 1 5 0 0 5 0 0
171 10 0 0 10 0 0 0 0 0
174 4 1 1 2 0 0 0 0 0
fn=_dl_start
83 1 0 0 1 0 0 0 0 0
84 1 0 0 1 0 0 0 0 0
111 33 0 0 0 0 0 0 0 0
112 20 0 0 10 3 3 0 0 0
116 2 0 0 1 0 0 0 0 0
124 25 0 0 0 0 0 0 0 0
137 35 0 0 7 1 1 0 0 0
139 14 1 1 7 0 0 0 0 0
fl=/build/buildd/glibc-2.21/elf/get-dynamic-info.h
fn=_dl_map_object_from_fd
39 4 0 0 0 0 0 0 0 0
43 2 0 0 0 0 0 0 0 0
45 141 1 1 47 13 13 0 0 0
47 90 1 1 0 0 0 0 0 0
60 42 0 0 0 0 0 0 0 0
61 71 0 0 0 0 0 43 10 10
62 8 0 0 0 0 0 0 0 0
64 2 0 0 0 0 0 0 0 0
65 10 1 1 0 0 0 0 0 0
67 2 0 0 0 0 0 0 0 0
68 10 2 2 0 0 0 0 0 0
69 2 0 0 0 0 0 0 0 0
70 8 0 0 0 0 0 2 0 0
71 45 0 0 0 0 0 0 0 0
78 4 0 0 0 0 0 0 0 0
98 7 0 0 3 0 0 0 0 0
99 8 0 0 4 0 0 0 0 0
100 8 1 1 4 0 0 0 0 0
101 8 0 0 4 0 0 0 0 0
103 8 0 0 4 0 0 0 0 0
108 8 0 0 4 0 0 0 0 0
109 7 1 1 3 1 1 0 0 0
110 8 0 0 4 0 0 0 0 0
116 6 0 0 2 0 0 0 0 0
121 4 0 0 2 0 0 0 0 0
128 4 0 0 2 0 0 0 0 0
129 6 1 1 4 0 0 0 0 0
145 6 0 0 2 1 1 0 0 0
150 2 0 0 1 0 0 1 1 1
152 2 0 0 0 0 0 0 0 0
154 2 0 0 0 0 0 0 0 0
156 2 0 0 0 0 0 0 0 0
159 6 1 1 2 0 0 0 0 0
161 3 0 0 1 0 0 1 0 0
169 2 0 0 1 0 0 0 0 0
174 2 0 0 0 0 0 0 0 0
177 4 1 1 2 0 0 0 0 0
fn=_dl_start
45 57 1 1 19 6 6 0 0 0
47 36 0 0 0 0 0 0 0 0
48 26 0 0 0 0 0 13 4 4
60 21 0 0 0 0 0 0 0 0
61 18 2 2 0 0 0 4 3 3
62 4 1 1 0 0 0 0 0 0
64 1 0 0 0 0 0 0 0 0
65 5 1 1 0 0 0 0 0 0
67 2 0 0 0 0 0 0 0 0
68 5 1 1 0 0 0 0 0 0
69 1 0 0 0 0 0 0 0 0
70 5 0 0 0 0 0 1 1 1
71 18 0 0 0 0 0 0 0 0
78 2 0 0 0 0 0 0 0 0
98 4 0 0 2 0 0 0 0 0
99 4 0 0 2 0 0 0 0 0
100 4 1 1 2 0 0 0 0 0
101 4 0 0 2 0 0 0 0 0
103 4 0 0 2 0 0 0 0 0
108 4 0 0 2 0 0 0 0 0
109 4 1 1 2 0 0 0 0 0
110 4 0 0 2 0 0 0 0 0
116 3 0 0 1 0 0 0 0 0
121 2 0 0 1 0 0 0 0 0
128 3 0 0 1 0 0 0 0 0
129 3 1 1 2 0 0 0 0 0
137 3 0 0 1 0 0 0 0 0
139 3 0 0 1 0 0 0 0 0
142 2 1 1 1 0 0 0 0 0
143 2 0 0 1 0 0 0 0 0
fn=dl_main
30 1 0 0 1 0 0 0 0 0
39 2 0 0 0 0 0 0 0 0
43 1 0 0 0 0 0 0 0 0
45 81 1 1 27 7 7 0 0 0
47 52 0 0 0 0 0 0 0 0
60 25 0 0 0 0 0 0 0 0
61 42 1 1 0 0 0 25 6 6
62 4 0 0 0 0 0 0 0 0
64 1 0 0 0 0 0 0 0 0
65 5 1 1 0 0 0 0 0 0
67 1 0 0 0 0 0 0 0 0
68 5 0 0 0 0 0 0 0 0
69 1 0 0 0 0 0 0 0 0
70 4 1 1 0 0 0 1 0 0
71 26 0 0 0 0 0 0 0 0
78 3 1 1 1 0 0 0 0 0
98 3 0 0 1 0 0 0 0 0
99 4 0 0 2 0 0 0 0 0
100 4 0 0 2 0 0 0 0 0
101 4 1 1 2 0 0 0 0 0
103 4 0 0 2 0 0 0 0 0
108 4 0 0 2 0 0 0 0 0
109 4 0 0 2 0 0 0 0 0
110 4 1 1 2 0 0 0 0 0
116 3 0 0 1 0 0 0 0 0
121 2 0 0 1 0 0 0 0 0
128 2 0 0 1 0 0 0 0 0
129 3 0 0 2 0 0 0 0 0
145 3 1 1 1 0 0 0 0 0
159 3 1 1 1 0 0 0 0 0
161 3 0 0 1 0 0 1 0 0
169 2 0 0 1 0 0 0 0 0
174 2 0 0 0 0 0 0 0 0
175 2 0 0 1 0 0 1 0 0
177 2 0 0 1 0 0 0 0 0
fl=/build/buildd/glibc-2.21/elf/rtld.c
fn=_dl_initial_error_catch_tsd
649 8 0 0 4 0 0 0 0 0
fn=_dl_start
287 2 0 0 0 0 0 1 1 1
288 2 0 0 0 0 0 1 0 0
289 2 0 0 0 0 0 1 1 1
290 2 0 0 0 0 0 1 0 0
291 2 1 1 0 0 0 1 0 0
299 5 0 0 0 0 0 1 1 1
302 1 0 0 0 0 0 1 0 0
308 4 0 0 0 0 0 1 0 0
317 5 0 0 0 0 0 0 0 0
320 2 0 0 1 1 0 1 1 0
324 2 0 0 1 0 0 0 0 0
338 9 2 2 0 0 0 6 1 1
356 5 0 0 0 0 0 1 1 1
379 1 0 0 0 0 0 1 0 0
382 1 0 0 0 0 0 1 1 1
393 2 0 0 0 0 0 0 0 0
398 26 2 2 9 0 0 0 0 0
400 1 1 1 1 1 1 0 0 0
425 9 0 0 7 0 0 0 0 0
fn=dl_main
704 1 0 0 1 0 0 0 0 0
706 1 0 0 0 0 0 1 0 0
712 3 0 0 1 0 0 0 0 0
717 1 0 0 0 0 0 1 0 0
719 1 0 0 0 0 0 1 0 0
725 1 0 0 0 0 0 1 0 0
742 12 2 2 0 0 0 8 1 1
751 1 0 0 0 0 0 0 0 0
757 1 1 1 0 0 0 1 0 0
761 2 0 0 0 0 0 1 0 0
764 2 0 0 0 0 0 1 1 1
768 2 0 0 0 0 0 1 1 1
769 2 0 0 0 0 0 1 0 0
774 2 1 1 0 0 0 1 0 0
784 4 2 2 2 0 0 0 0 0
985 8 2 2 0 0 0 1 0 0
987 2 0 0 0 0 0 0 0 0
988 1 0 0 0 0 0 1 1 1
989 2 0 0 1 0 0 1 0 0
990 3 0 0 2 0 0 1 0 0
994 3 1 1 0 0 0 1 0 0
995 2 0 0 1 0 0 0 0 0
1016 1 0 0 0 0 0 1 0 0
1017 1 0 0 0 0 0 1 0 0
1019 1 0 0 0 0 0 1 0 0
1021 1 0 0 1 0 0 0 0 0
1024 35 1 1 1 0 0 0 0 0
1025 71 2 2 9 5 5 0 0 0
1029 3 1 1 1 0 0 1 0 0
1030 1 0 0 0 0 0 0 0 0
1034 3 0 0 2 0 0 1 0 0
1035 1 0 0 0 0 0 0 0 0
1043 1 0 0 0 0 0 1 1 1
1044 2 0 0 2 1 1 0 0 0
1046 2 2 2 0 0 0 1 0 0
1053 3 0 0 1 0 0 0 0 0
1071 1 0 0 0 0 0 0 0 0
1079 4 0 0 2 0 0 0 0 0
1080 11 1 1 3 1 1 0 0 0
1081 4 1 1 2 0 0 0 0 0
1082 3 0 0 2 1 1 1 0 0
1085 2 0 0 0 0 0 0 0 0
1086 4 0 0 2 0 0 0 0 0
1087 2 0 0 0 0 0 2 0 0
1088 6 0 0 3 0 0 0 0 0
1089 2 1 1 0 0 0 1 0 0
1116 2 0 0 1 0 0 1 0 0
1117 1 0 0 0 0 0 0 0 0
1120 2 1 1 1 0 0 1 0 0
1121 2 0 0 1 0 0 1 0 0
1122 1 0 0 0 0 0 0 0 0
1127 5 2 2 3 1 1 0 0 0
1130 2 0 0 0 0 0 0 0 0
1132 2 0 0 0 0 0 0 0 0
1134 2 0 0 1 0 0 0 0 0
1147 3 1 1 1 0 0 0 0 0
1148 9 0 0 5 0 0 1 0 0
1153 1 1 1 0 0 0 1 0 0
1155 1 0 0 0 0 0 1 1 1
1156 1 0 0 0 0 0 1 1 1
1158 2 0 0 1 0 0 0 0 0
1159 2 0 0 0 0 0 1 0 0
1163 2 0 0 1 0 0 0 0 0
1165 2 0 0 0 0 0 0 0 0
1170 2 1 1 0 0 0 1 0 0
1173 4 0 0 1 0 0 1 0 0
1189 3 1 1 0 0 0 1 0 0
1195 9 1 1 1 0 0 2 0 0
1200 2 1 1 1 0 0 1 0 0
1203 4 0 0 1 0 0 1 0 0
1205 1 0 0 0 0 0 1 0 0
1210 2 0 0 1 0 0 0 0 0
1213 3 1 1 2 0 0 1 0 0
1214 4 0 0 1 0 0 1 0 0
1215 2 0 0 0 0 0 1 0 0
1216 1 0 0 0 0 0 1 0 0
1217 1 0 0 1 0 0 0 0 0
1218 1 0 0 1 0 0 0 0 0
1223 2 1 1 1 0 0 0 0 0
1224 5 0 0 1 0 0 1 0 0
1241 2 0 0 1 1 1 0 0 0
1242 2 0 0 1 0 0 0 0 0
1244 4 1 1 1 0 0 0 0 0
1246 2 0 0 0 0 0 1 0 0
1247 4 0 0 1 0 0 1 1 1
1252 3 0 0 0 0 0 0 0 0
1253 5 1 1 1 1 1 0 0 0
1255 2 0 0 1 0 0 1 1 1
1256 2 0 0 1 0 0 1 0 0
1261 2 0 0 1 0 0 0 0 0
1266 3 0 0 1 0 0 0 0 0
1443 2 0 0 0 0 0 2 0 0
1451 3 0 0 1 0 0 0 0 0
1454 1 0 0 0 0 0 1 0 0
1458 3 0 0 1 0 0 0 0 0
1463 1 1 1 0 0 0 1 0 0
1464 1 0 0 0 0 0 1 0 0
1465 1 0 0 0 0 0 0 0 0
1469 3 0 0 1 0 0 0 0 0
1484 3 0 0 2 0 0 0 0 0
1485 1 0 0 0 0 0 0 0 0
1486 1 0 0 0 0 0 0 0 0
1488 3 0 0 1 0 0 0 0 0
1495 12 2 2 0 0 0 3 0 0
1498 6 0 0 0 0 0 0 0 0
1501 12 0 0 0 0 0 2 0 0
1502 2 0 0 1 0 0 0 0 0
1503 3 1 1 1 0 0 0 0 0
1505 6 0 0 0 0 0 1 0 0
1507 6 1 1 1 0 0 0 0 0
1509 3 0 0 0 0 0 1 0 0
1519 5 1 1 0 0 0 1 0 0
1596 4 0 0 2 0 0 0 0 0
1600 8 2 2 0 0 0 0 0 0
1601 1 0 0 0 0 0 0 0 0
1604 3 0 0 0 0 0 1 0 0
1605 1 0 0 1 0 0 0 0 0
1606 2 0 0 0 0 0 0 0 0
1607 4 1 1 0 0 0 0 0 0
1613 5 0 0 0 0 0 0 0 0
1614 8 1 1 1 0 0 1 0 0
1615 4 0 0 0 0 0 0 0 0
1617 2 0 0 1 0 0 0 0 0
1620 13 1 1 2 0 0 0 0 0
1621 16 0 0 8 0 0 0 0 0
1624 3 0 0 2 0 0 1 0 0
1625 3 0 0 1 0 0 0 0 0
1626 1 1 1 0 0 0 1 0 0
1628 8 0 0 0 0 0 0 0 0
1629 13 0 0 4 0 0 0 0 0
1639 2 1 1 0 0 0 1 0 0
1641 2 0 0 1 0 0 1 0 0
1642 2 0 0 1 0 0 0 0 0
1644 2 1 1 0 0 0 1 0 0
1646 3 0 0 0 0 0 0 0 0
1648 3 0 0 1 0 0 0 0 0
1649 1 0 0 1 0 0 0 0 0
1662 2 0 0 0 0 0 0 0 0
1663 2 0 0 0 0 0 1 0 0
1664 3 1 1 1 0 0 0 0 0
1675 5 0 0 1 0 0 1 0 0
1676 1 1 1 0 0 0 1 0 0
1677 5 0 0 0 0 0 1 0 0
1687 2 0 0 1 0 0 1 0 0
1688 2 0 0 1 0 0 0 0 0
1689 2 0 0 0 0 0 2 0 0
1691 2 1 1 1 0 0 0 0 0
1696 2 1 1 1 0 0 0 0 0
1926 3 0 0 1 0 0 0 0 0
1982 2 2 2 0 0 0 1 0 0
1986 4 0 0 2 0 0 2 0 0
1990 2 0 0 1 0 0 1 0 0
1993 2 0 0 1 0 0 0 0 0
2047 3 1 1 1 0 0 0 0 0
2054 1 0 0 1 0 0 0 0 0
2056 7 1 1 1 0 0 1 0 0
2058 11 1 1 0 0 0 0 0 0
2060 12 0 0 8 1 0 0 0 0
2065 8 0 0 8 0 0 0 0 0
2067 10 1 1 0 0 0 0 0 0
2069 1 1 1 0 0 0 1 0 0
2070 1 0 0 1 0 0 0 0 0
2073 4 0 0 4 0 0 0 0 0
2075 9 0 0 0 0 0 0 0 0
2076 24 0 0 6 2 0 3 0 0
2080 14 0 0 5 1 0 0 0 0
2081 3 0 0 0 0 0 1 0 0
2083 5 0 0 0 0 0 0 0 0
2085 2 0 0 1 0 0 1 1 0
2091 2 0 0 1 0 0 0 0 0
2096 4 2 2 2 0 0 0 0 0
2098 1 0 0 1 0 0 0 0 0
2103 2 0 0 1 0 0 1 0 0
2106 2 0 0 1 0 0 0 0 0
2115 3 1 1 2 0 0 0 0 0
2117 2 0 0 1 0 0 0 0 0
2132 5 1 1 0 0 0 0 0 0
2134 1 0 0 1 0 0 0 0 0
2135 5 0 0 1 1 0 1 0 0
2136 4 0 0 0 0 0 0 0 0
2138 2 0 0 1 0 0 0 0 0
2146 1 0 0 0 0 0 1 0 0
2150 3 0 0 1 0 0 0 0 0
2170 4 1 1 0 0 0 1 0 0
2171 1 0 0 0 0 0 1 0 0
2172 1 0 0 0 0 0 1 0 0
2173 1 0 0 0 0 0 0 0 0
2177 1 0 0 0 0 0 1 0 0
2182 8 0 0 7 1 0 0 0 0
2350 2 0 0 1 0 0 1 1 1
2352 1 0 0 0 0 0 0 0 0
2353 1 0 0 0 0 0 0 0 0
2357 13 1 1 1 0 0 4 1 1
2359 16 0 0 3 0 0 4 1 1
2363 103 0 0 21 0 0 0 0 0
2364 19 1 1 0 0 0 0 0 0
2366 4 0 0 0 0 0 0 0 0
2372 14 0 0 2 1 1 0 0 0
2393 6 2 2 0 0 0 1 0 0
2400 6 2 2 0 0 0 1 0 0
2402 3 0 0 0 0 0 1 0 0
2446 6 1 1 0 0 0 1 0 0
2448 3 0 0 0 0 0 1 0 0
2521 3 1 1 1 0 0 0 0 0
2551 2 0 0 0 0 0 0 0 0
fn=do_preload
655 6 0 0 0 0 0 3 0 0
657 1 0 0 0 0 0 1 0 0
661 1 0 0 0 0 0 1 0 0
662 1 1 1 0 0 0 1 0 0
663 1 0 0 0 0 0 1 0 0
665 1 0 0 1 0 0 0 0 0
667 6 0 0 0 0 0 1 0 0
668 3 0 0 1 0 0 0 0 0
676 3 1 1 1 0 0 0 0 0
682 5 0 0 4 0 0 0 0 0
fn=init_tls
574 1 0 0 0 0 0 1 0 0
576 2 1 1 1 0 0 1 0 0
580 2 0 0 1 0 0 0 0 0
581 1 0 0 0 0 0 0 0 0
586 2 0 0 0 0 0 1 0 0
589 1 0 0 0 0 0 1 0 0
590 4 0 0 0 0 0 1 0 0
595 1 0 0 0 0 0 0 0 0
597 1 0 0 0 0 0 1 1 1
601 2 0 0 1 1 1 0 0 0
602 1 0 0 0 0 0 0 0 0
603 11 1 1 1 0 0 0 0 0
604 8 1 1 4 0 0 0 0 0
605 8 0 0 4 0 0 0 0 0
609 3 0 0 0 0 0 1 0 0
611 1 0 0 0 0 0 0 0 0
613 3 0 0 0 0 0 0 0 0
616 1 0 0 0 0 0 1 0 0
623 2 1 1 0 0 0 1 0 0
624 2 0 0 0 0 0 0 0 0
630 2 0 0 1 0 0 1 0 0
633 7 1 1 0 0 0 2 0 0
636 1 0 0 0 0 0 1 0 0
638 1 0 0 0 0 0 0 0 0
639 2 0 0 2 0 0 0 0 0
fn=map_doit
481 2 1 1 0 0 0 1 0 0
483 4 0 0 1 0 0 0 0 0
484 6 0 0 2 0 0 2 0 0
486 2 0 0 2 0 0 0 0 0
fn=rtld_lock_default_lock_recursive
689 8 1 1 8 2 1 0 0 0
fn=rtld_lock_default_unlock_recursive
695 8 1 1 8 1 0 0 0 0
fn=version_check_doit
514 2 1 1 0 0 0 1 0 0
516 6 0 0 2 0 0 1 0 0
520 2 0 0 2 0 0 0 0 0
fl=/build/buildd/glibc-2.21/elf/setup-vdso.h
fn=dl_main
24 2 0 0 1 0 0 0 0 0
fl=/build/buildd/glibc-2.21/io/../sysdeps/unix/syscall-template.S
fn=__close_nocancel
81 5 0 0 1 0 0 0 0 0
fn=__open_nocancel
81 5 0 0 1 0 0 0 0 0
fn=__read_nocancel
81 5 1 1 1 0 0 0 0 0
fn=access
81 12 1 1 0 0 0 0 0 0
83 15 0 0 3 0 0 3 1 1
fn=close
81 14 2 2 1 0 0 0 0 0
82 3 0 0 3 0 0 0 0 0
fn=open
81 46 2 2 1 0 0 0 0 0
82 3 0 0 3 0 0 0 0 0
83 40 0 0 8 0 0 8 0 0
fn=read
81 10 2 2 1 0 0 0 0 0
82 2 0 0 2 0 0 0 0 0
fl=/build/buildd/glibc-2.21/io/../sysdeps/unix/sysv/linux/fcntl.c
fn=fcntl
30 4 0 0 0 0 0 0 0 0
31 12 1 1 0 0 0 0 0 0
62 6 1 1 0 0 0 4 0 0
66 10 0 0 0 0 0 6 1 0
70 4 0 0 0 0 0 0 0 0
80 6 0 0 4 0 0 0 0 0
fl=/build/buildd/glibc-2.21/io/../sysdeps/unix/sysv/linux/wordsize-64/fxstat.c
fn=_fxstat
33 3 0 0 0 0 0 0 0 0
34 6 1 1 0 0 0 0 0 0
35 18 0 0 0 0 0 0 0 0
39 3 0 0 3 0 0 0 0 0
fl=/build/buildd/glibc-2.21/io/../sysdeps/unix/sysv/linux/wordsize-64/xstat.c
fn=_xstat
33 10 0 0 0 0 0 0 0 0
34 20 2 2 0 0 0 0 0 0
35 84 0 0 6 0 0 6 0 0
39 4 0 0 4 0 0 0 0 0
fl=/build/buildd/glibc-2.21/libio/genops.c
fn=_IO_default_xsputn
447 18 0 0 0 0 0 15 1 0
450 10 0 0 0 0 0 0 0 0
451 3 1 1 0 0 0 0 0 0
455 4 1 1 2 0 0 0 0 0
457 3 0 0 0 0 0 0 0 0
460 2 0 0 0 0 0 0 0 0
470 3 0 0 0 0 0 0 0 0
474 13 1 1 0 0 0 1 0 0
475 15 0 0 5 0 0 5 0 0
478 1 0 0 0 0 0 0 0 0
480 2 0 0 0 0 0 0 0 0
484 2 0 0 0 0 0 0 0 0
485 18 1 1 18 0 0 0 0 0
fn=_IO_no_init
643 9 1 1 0 0 0 4 0 0
644 1 0 0 0 0 0 1 1 0
645 1 0 0 0 0 0 1 1 0
647 2 0 0 0 0 0 0 0 0
667 2 1 1 0 0 0 1 0 0
669 1 1 1 0 0 0 1 0 0
670 6 0 0 5 0 0 0 0 0
fn=_IO_old_init
610 2 0 0 0 0 0 1 0 0
611 1 0 0 0 0 0 1 0 0
612 1 1 1 0 0 0 1 1 0
613 1 0 0 0 0 0 1 0 0
614 1 0 0 0 0 0 1 0 0
615 1 0 0 0 0 0 1 0 0
616 1 0 0 0 0 0 1 0 0
617 1 0 0 0 0 0 1 0 0
618 1 0 0 0 0 0 1 0 0
619 1 1 1 0 0 0 1 0 0
620 1 0 0 0 0 0 1 0 0
622 1 0 0 0 0 0 1 0 0
623 1 0 0 0 0 0 1 0 0
624 1 0 0 0 0 0 1 0 0
625 1 0 0 0 0 0 1 0 0
626 2 1 1 0 0 0 1 0 0
631 3 0 0 1 0 0 0 0 0
632 1 0 0 1 0 0 0 0 0
fn=_IO_setb
399 5 1 1 0 0 0 2 0 0
400 4 0 0 2 0 0 0 0 0
402 1 0 0 0 0 0 1 0 0
403 1 0 0 0 0 0 1 0 0
405 6 1 1 0 0 0 1 0 0
408 4 0 0 3 0 0 0 0 0
fl=/build/buildd/glibc-2.21/libio/strops.c
fn=_IO_str_init_static_internal
39 8 1 1 0 0 0 4 0 0
43 2 0 0 0 0 0 0 0 0
45 1 1 1 0 0 0 0 0 0
46 4 1 1 0 0 0 0 0 0
49 5 0 0 0 0 0 1 0 0
51 1 0 0 0 0 0 1 0 0
52 1 0 0 0 0 0 1 0 0
53 1 0 0 0 0 0 1 0 0
54 2 0 0 0 0 0 0 0 0
56 1 0 0 0 0 0 1 0 0
57 1 0 0 0 0 0 1 0 0
58 1 0 0 0 0 0 1 0 0
67 1 0 0 0 0 0 1 0 0
68 6 0 0 5 0 0 0 0 0
fl=/build/buildd/glibc-2.21/malloc/arena.c
fn=malloc_hook_ini
358 4 0 0 1 1 1 0 0 0
fn=ptmalloc_init.part.7
319 198 0 0 66 9 0 0 0 0
321 130 1 1 65 34 0 0 0 0
322 2 0 0 1 0 0 0 0 0
323 2 0 0 1 0 0 0 0 0
337 65 0 0 0 0 0 0 0 0
356 6 1 1 0 0 0 5 0 0
361 1 0 0 0 0 0 1 0 0
369 2 1 1 1 0 0 0 0 0
370 7 1 1 0 0 0 1 0 0
371 4 1 1 2 1 0 0 0 0
376 3 0 0 1 1 0 1 1 0
377 12 2 2 1 1 0 6 2 2
379 5 0 0 2 2 0 0 0 0
395 2 0 0 0 0 0 0 0 0
440 2 1 1 0 0 0 0 0 0
446 2 1 1 2 1 1 0 0 0
447 2 0 0 0 0 0 0 0 0
449 1 0 0 0 0 0 1 1 0
450 7 0 0 6 1 0 0 0 0
fl=/build/buildd/glibc-2.21/malloc/hooks.c
fn=malloc_hook_ini
29 4 1 1 0 0 0 2 0 0
30 2 0 0 1 0 0 1 0 0
33 6 1 1 4 2 0 1 0 0
fl=/build/buildd/glibc-2.21/malloc/malloc.c
fn=_int_malloc
1863 201 0 0 67 0 0 0 0 0
2272 6 0 0 2 2 0 3 0 0
2273 2 0 0 0 0 0 0 0 0
2283 2 0 0 1 1 1 0 0 0
2361 2 0 0 0 0 0 1 0 0
2370 7 1 1 1 0 0 1 0 0
2379 3 0 0 0 0 0 0 0 0
2434 2 0 0 1 0 0 0 0 0
2442 2 0 0 1 0 0 0 0 0
2453 9 2 2 2 0 0 1 0 0
2461 2 0 0 0 0 0 0 0 0
2463 4 0 0 3 1 0 1 0 0
2464 1 0 0 0 0 0 0 0 0
2467 2 0 0 0 0 0 0 0 0
2470 2 0 0 2 0 0 0 0 0
2471 2 0 0 0 0 0 0 0 0
2490 1 1 1 0 0 0 0 0 0
2494 2 0 0 1 0 0 0 0 0
2517 2 0 0 1 1 0 0 0 0
2518 1 0 0 0 0 0 1 0 0
2519 3 0 0 1 0 0 1 0 0
2525 2 0 0 1 0 0 0 0 0
2528 6 1 1 3 0 0 0 0 0
2570 6 2 2 0 0 0 1 0 0
2589 1 0 0 1 0 0 0 0 0
2592 3 0 0 0 0 0 0 0 0
2593 4 0 0 1 0 0 0 0 0
2595 2 0 0 0 0 0 0 0 0
2596 4 1 1 2 0 0 1 0 0
2608 2 0 0 0 0 0 0 0 0
2616 3 0 0 3 0 0 0 0 0
2617 2 0 0 0 0 0 0 0 0
2655 2 1 1 1 0 0 1 0 0
2656 5 0 0 0 0 0 1 1 1
2657 2 0 0 0 0 0 1 0 0
2668 2 0 0 1 0 0 0 0 0
2701 2 1 1 1 0 0 0 0 0
2702 1 0 0 0 0 0 1 0 0
2707 2 0 0 1 0 0 0 0 0
2710 2 0 0 1 0 0 0 0 0
2712 1 0 0 0 0 0 0 0 0
2713 1 0 0 0 0 0 0 0 0
2714 1 0 0 0 0 0 1 0 0
2715 8 0 0 0 0 0 1 0 0
2716 2 0 0 0 0 0 1 0 0
2718 1 0 0 0 0 0 0 0 0
3296 469 1 1 0 0 0 402 0 0
3326 738 2 2 0 0 0 134 0 0
3334 332 0 0 67 1 1 0 0 0
3337 66 0 0 0 0 0 0 0 0
3338 132 0 0 66 0 0 0 0 0
3342 132 0 0 0 0 0 0 0 0
3371 335 2 2 0 0 0 0 0 0
3374 67 0 0 0 0 0 0 0 0
3376 201 1 1 67 1 1 0 0 0
3378 2 0 0 0 0 0 0 0 0
3417 2 1 1 0 0 0 1 0 0
3436 335 1 1 67 0 0 0 0 0
3570 134 1 1 0 0 0 0 0 0
3643 134 0 0 67 0 0 0 0 0
3644 134 0 0 0 0 0 0 0 0
3645 134 0 0 0 0 0 0 0 0
3646 134 0 0 67 0 0 0 0 0
3647 134 0 0 0 0 0 0 0 0
3652 402 1 1 0 0 0 0 0 0
3656 737 0 0 0 0 0 0 0 0
3659 804 1 1 201 0 0 0 0 0
3759 68 0 0 67 0 0 0 0 0
3760 202 2 2 67 0 0 1 0 0
3762 201 0 0 0 0 0 0 0 0
3764 66 0 0 0 0 0 0 0 0
3765 66 0 0 0 0 0 0 0 0
3766 66 0 0 0 0 0 66 0 0
3767 528 2 2 0 0 0 66 0 0
3769 132 0 0 0 0 0 66 50 50
3772 66 0 0 0 0 0 0 0 0
3779 2 0 0 1 0 0 0 0 0
3784 201 0 0 0 0 0 67 0 0
3786 2010 2 2 0 0 0 737 0 0
3795 2 0 0 0 0 0 0 0 0
3800 603 1 1 469 0 0 0 0 0
4959 201 1 1 0 0 0 134 0 0
fn=malloc
2880 201 1 1 0 0 0 134 0 0
2885 134 0 0 134 1 0 0 0 0
2886 134 0 0 0 0 0 0 0 0
2887 2 1 1 1 0 0 0 0 0
2889 198 1 1 132 0 0 0 0 0
2891 528 0 0 132 0 0 0 0 0
2895 264 1 1 0 0 0 66 0 0
2896 132 0 0 0 0 0 0 0 0
2907 264 0 0 132 0 0 0 0 0
2908 594 1 1 66 0 0 0 0 0
2911 267 0 0 200 0 0 0 0 0
fn=malloc_consolidate
1786 254 0 0 0 0 0 0 0 0
1789 381 0 0 0 0 0 254 32 31
1793 3 0 0 0 0 0 0 0 0
1797 3 1 1 1 0 0 1 0 0
1798 3 1 1 1 0 0 1 0 0
1800 1 0 0 0 0 0 1 0 0
4111 2 1 1 1 0 0 0 0 0
4953 4 1 1 0 0 0 0 0 0
fn=malloc_hook_ini
2886 2 0 0 0 0 0 0 0 0
2889 2 1 1 2 0 0 0 0 0
2891 8 0 0 2 1 1 0 0 0
2895 4 1 1 0 0 0 1 0 0
2896 2 0 0 0 0 0 0 0 0
2907 4 0 0 2 0 0 0 0 0
2908 9 1 1 1 0 0 0 0 0
fl=/build/buildd/glibc-2.21/malloc/morecore.c
fn=__default_morecore
46 2 1 1 0 0 0 0 0 0
47 2 0 0 0 0 0 2 1 0
48 6 0 0 0 0 0 0 0 0
52 4 0 0 2 0 0 0 0 0
fl=/build/buildd/glibc-2.21/misc/../sysdeps/unix/syscall-template.S
fn=mmap
81 45 1 1 0 0 0 0 0 0
82 9 0 0 9 0 0 0 0 0
fn=mprotect
81 24 1 1 0 0 0 0 0 0
82 6 0 0 6 0 0 0 0 0
fn=munmap
81 4 0 0 0 0 0 0 0 0
82 1 0 0 1 0 0 0 0 0
fl=/build/buildd/glibc-2.21/misc/../sysdeps/unix/sysv/linux/x86_64/brk.c
fn=brk
28 2 0 0 0 0 0 0 0 0
31 16 1 1 2 0 0 2 0 0
33 4 0 0 0 0 0 0 0 0
39 2 0 0 0 0 0 0 0 0
40 2 0 0 2 0 0 0 0 0
fl=/build/buildd/glibc-2.21/misc/init-misc.c
fn=__init_misc
30 3 0 0 0 0 0 2 0 0
31 6 1 1 1 0 0 0 0 0
33 3 1 1 0 0 0 1 0 0
37 5 0 0 1 1 0 1 0 0
38 3 0 0 2 0 0 1 0 0
40 4 0 0 3 0 0 0 0 0
fl=/build/buildd/glibc-2.21/misc/sbrk.c
fn=sbrk
34 8 1 1 0 0 0 6 0 0
42 11 0 0 5 2 0 0 0 0
43 6 1 1 1 0 0 1 0 0
46 4 0 0 0 0 0 0 0 0
50 4 0 0 0 0 0 0 0 0
53 3 0 0 0 0 0 1 0 0
57 10 0 0 8 0 0 0 0 0
fl=/build/buildd/glibc-2.21/nptl/register-atfork.c
fn=__linkin_atfork
118 2 1 1 1 1 0 1 0 0
119 6 1 1 2 1 0 0 0 0
121 1 0 0 1 0 0 0 0 0
fl=/build/buildd/glibc-2.21/posix/../sysdeps/unix/syscall-template.S
fn=geteuid
62 2 1 1 0 0 0 0 0 0
63 1 0 0 1 0 0 0 0 0
fn=getppid
62 2 0 0 0 0 0 0 0 0
63 1 0 0 1 0 0 0 0 0
fn=uname
81 4 1 1 0 0 0 0 0 0
82 1 0 0 1 0 0 0 0 0
fl=/build/buildd/glibc-2.21/posix/../sysdeps/unix/sysv/linux/_exit.c
fn=_Exit
28 2 1 1 1 0 0 0 0 0
32 4 1 1 0 0 0 0 0 0
34 2 0 0 0 0 0 0 0 0
fl=/build/buildd/glibc-2.21/posix/../sysdeps/unix/sysv/linux/getpid.c
fn=getpid
30 1 0 0 0 0 0 0 0 0
33 3 0 0 1 0 0 0 0 0
38 4 0 0 0 0 0 0 0 0
42 2 0 0 0 0 0 0 0 0
43 1 0 0 0 0 0 1 0 0
55 2 1 1 1 0 0 0 0 0
56 2 0 0 0 0 0 0 0 0
60 1 0 0 1 0 0 0 0 0
fl=/build/buildd/glibc-2.21/setjmp/../sysdeps/x86_64/bsd-_setjmp.S
fn=_setjmp
30 4 1 1 0 0 0 0 0 0
32 4 0 0 0 0 0 0 0 0
fl=/build/buildd/glibc-2.21/setjmp/../sysdeps/x86_64/setjmp.S
fn=__sigsetjmp
26 7 3 2 0 0 0 7 0 0
35 7 0 0 0 0 0 0 0 0
36 14 0 0 7 0 0 0 0 0
37 7 0 0 0 0 0 7 0 0
41 7 0 0 0 0 0 7 0 0
42 7 0 0 0 0 0 7 0 0
43 7 1 1 0 0 0 7 0 0
44 7 0 0 0 0 0 7 1 1
45 7 0 0 0 0 0 0 0 0
47 14 2 1 7 0 0 0 0 0
49 7 0 0 0 0 0 7 0 0
50 7 0 0 7 0 0 0 0 0
51 7 0 0 0 0 0 0 0 0
53 14 0 0 7 0 0 0 0 0
55 7 0 0 0 0 0 7 0 0
59 3 0 0 0 0 0 0 0 0
60 3 0 0 3 0 0 0 0 0
64 4 0 0 0 0 0 0 0 0
fl=/build/buildd/glibc-2.21/setjmp/sigjmp.c
fn=__sigjmp_save
28 8 0 0 0 0 0 4 0 0
29 16 0 0 0 0 0 4 0 0
34 12 0 0 8 0 0 0 0 0
fl=/build/buildd/glibc-2.21/signal/../nptl/sigaction.c
fn=sigaction
37 21 1 1 0 0 0 0 0 0
43 7 0 0 0 0 0 0 0 0
fl=/build/buildd/glibc-2.21/signal/../signal/sigfillset.c
fn=sigfillset
27 8 2 1 0 0 0 0 0 0
33 60 2 2 0 0 0 60 0 0
44 4 0 0 0 0 0 0 0 0
45 4 0 0 4 0 0 0 0 0
fl=/build/buildd/glibc-2.21/signal/../sysdeps/unix/sysv/linux/bits/sigset.h
fn=sigfillset
118 8 0 0 0 0 0 4 0 0
fl=/build/buildd/glibc-2.21/signal/../sysdeps/unix/sysv/linux/x86_64/sigaction.c
fn=__libc_sigaction
47 14 1 1 0 0 0 0 0 0
51 14 0 0 0 0 0 0 0 0
53 8 0 0 4 0 0 4 0 0
54 132 2 2 64 0 0 64 0 0
55 16 0 0 4 0 0 4 0 0
57 8 0 0 0 0 0 4 0 0
62 91 1 1 0 0 0 0 0 0
65 28 1 1 0 0 0 0 0 0
67 6 0 0 3 0 0 3 0 0
68 96 2 2 48 0 0 48 0 0
69 6 0 0 3 0 0 3 0 0
70 6 0 0 3 0 0 3 0 0
73 14 1 1 7 0 0 0 0 0
fl=/build/buildd/glibc-2.21/stdio-common/_itoa.c
fn=_itoa_word
168 4 1 1 0 0 0 0 0 0
170 2 0 0 0 0 0 0 0 0
179 62 2 2 5 1 1 5 0 0
188 2 0 0 1 0 0 0 0 0
fl=/build/buildd/glibc-2.21/stdio-common/printf-parse.h
fn=vfprintf
108 7 0 0 0 0 0 3 1 1
fl=/build/buildd/glibc-2.21/stdio-common/vfprintf.c
fn=vfprintf
222 8 1 1 0 0 0 6 0 0
227 2 0 0 0 0 0 2 0 0
257 3 1 1 2 1 0 1 1 0
261 1 1 1 0 0 0 1 0 0
264 1 0 0 0 0 0 1 1 0
270 1 0 0 0 0 0 1 0 0
1278 5 1 1 1 0 0 0 0 0
1282 5 0 0 1 0 0 0 0 0
1293 5 1 1 0 0 0 0 0 0
1300 1 0 0 0 0 0 1 0 0
1304 6 0 0 3 0 0 3 1 0
1308 1 0 0 0 0 0 1 0 0
1315 1 0 0 0 0 0 1 1 0
1319 3 1 1 0 0 0 1 0 0
1323 13 1 1 3 1 0 3 0 0
1327 3 1 1 2 0 0 0 0 0
1331 6 1 1 3 2 0 0 0 0
1358 1 0 0 0 0 0 1 1 1
1359 1 1 1 0 0 0 1 1 0
1360 1 0 0 0 0 0 1 0 0
1361 1 0 0 0 0 0 1 0 0
1362 1 0 0 0 0 0 1 0 0
1363 1 0 0 0 0 0 1 0 0
1364 1 0 0 0 0 0 1 0 0
1365 1 1 1 0 0 0 1 0 0
1366 1 0 0 0 0 0 1 0 0
1367 1 0 0 0 0 0 1 0 0
1368 1 0 0 0 0 0 1 0 0
1371 1 0 0 0 0 0 1 0 0
1372 1 0 0 0 0 0 1 0 0
1375 1 0 0 0 0 0 0 0 0
1376 2 0 0 0 0 0 1 0 0
1379 17 1 1 5 2 2 2 0 0
1540 3 1 1 0 0 0 1 0 0
1561 2 1 1 0 0 0 1 0 0
1613 2 0 0 0 0 0 1 0 0
1614 17 2 2 6 1 1 2 0 0
1641 123 22 22 47 0 0 17 0 0
1661 2 1 1 0 0 0 0 0 0
1663 1 0 0 0 0 0 0 0 0
1669 4 1 1 1 0 0 2 0 0
1673 19 1 1 6 0 0 1 0 0
1675 2 0 0 1 0 0 0 0 0
2036 1 1 1 0 0 0 0 0 0
2083 2 1 1 1 0 0 0 0 0
2085 3 1 1 1 0 0 0 0 0
2087 2 0 0 0 0 0 0 0 0
2090 2 1 1 1 0 0 0 0 0
2091 3 0 0 1 0 0 0 0 0
2093 1 0 0 1 0 0 0 0 0
2094 8 0 0 7 0 0 0 0 0
fl=/build/buildd/glibc-2.21/stdlib/cxa_atexit.c
fn=__cxa_atexit
35 2 1 1 0 0 0 1 0 0
37 2 0 0 0 0 0 0 0 0
41 3 0 0 1 0 0 0 0 0
43 1 0 0 0 0 0 1 0 0
44 1 0 0 0 0 0 1 0 0
45 1 0 0 0 0 0 1 0 0
47 1 0 0 0 0 0 1 0 0
48 1 0 0 0 0 0 0 0 0
57 6 1 1 0 0 0 3 0 0
59 4 0 0 4 0 0 0 0 0
fn=__new_exitfn
73 4 1 1 0 0 0 2 0 0
79 6 1 1 2 2 2 0 0 0
81 10 2 2 2 1 0 0 0 0
83 3 1 1 1 1 0 0 0 0
91 2 0 0 0 0 0 1 0 0
112 1 1 1 0 0 0 0 0 0
113 2 0 0 0 0 0 1 0 0
126 1 1 1 0 0 0 1 0 0
127 1 0 0 1 1 1 0 0 0
130 4 0 0 2 0 0 0 0 0
133 5 0 0 3 0 0 0 0 0
fl=/build/buildd/glibc-2.21/string/../bits/stdlib-bsearch.h
fn=intel_check_word
27 13 1 1 0 0 0 0 0 0
28 26 0 0 0 0 0 0 0 0
29 170 0 0 0 0 0 0 0 0
31 235 0 0 0 0 0 0 0 0
32 87 1 1 0 0 0 0 0 0
37 23 0 0 0 0 0 0 0 0
fl=/build/buildd/glibc-2.21/string/../string/memcmp.c
fn=bcmp
105 10 0 0 10 0 0 0 0 0
106 20 0 0 10 0 0 0 0 0
110 22 1 1 0 0 0 0 0 0
111 4 0 0 0 0 0 0 0 0
129 14 0 0 0 0 0 0 0 0
133 2 1 1 2 1 1 0 0 0
134 2 0 0 2 0 0 0 0 0
135 2 0 0 0 0 0 0 0 0
136 2 0 0 0 0 0 0 0 0
137 2 1 1 0 0 0 0 0 0
183 2 0 0 2 0 0 0 0 0
184 2 0 0 2 0 0 0 0 0
185 16 0 0 0 0 0 4 2 2
221 2 0 0 0 0 0 0 0 0
222 4 0 0 0 0 0 0 0 0
226 4 0 0 0 0 0 0 0 0
228 14 1 1 0 0 0 0 0 0
232 2 0 0 2 0 0 0 0 0
233 2 0 0 2 0 0 0 0 0
234 2 0 0 2 0 0 0 0 0
235 2 0 0 0 0 0 0 0 0
236 2 0 0 0 0 0 0 0 0
237 2 0 0 0 0 0 0 0 0
289 2 0 0 2 0 0 0 0 0
290 2 0 0 2 0 0 0 0 0
291 12 0 0 0 0 0 0 0 0
292 4 0 0 0 0 0 0 0 0
299 4 1 1 0 0 0 0 0 0
304 10 1 1 0 0 0 0 0 0
305 4 0 0 0 0 0 0 0 0
315 91 1 1 0 0 0 78 0 0
318 13 0 0 0 0 0 0 0 0
319 13 0 0 0 0 0 0 0 0
322 26 0 0 0 0 0 0 0 0
326 24 1 1 0 0 0 0 0 0
328 4 0 0 4 1 1 0 0 0
329 4 0 0 4 0 0 0 0 0
330 4 0 0 0 0 0 0 0 0
331 4 0 0 0 0 0 0 0 0
333 8 0 0 0 0 0 0 0 0
335 4 0 0 0 0 0 0 0 0
342 12 1 1 0 0 0 0 0 0
343 4 0 0 0 0 0 0 0 0
345 4 0 0 0 0 0 0 0 0
346 4 0 0 0 0 0 0 0 0
350 6 0 0 0 0 0 0 0 0
351 2 0 0 0 0 0 0 0 0
352 2 0 0 0 0 0 0 0 0
356 156 1 1 0 0 0 0 0 0
358 69 0 0 69 1 1 0 0 0
359 69 0 0 69 6 6 0 0 0
360 69 0 0 0 0 0 0 0 0
363 290 1 1 0 0 0 0 0 0
364 4 0 0 0 0 0 0 0 0
368 9 0 0 0 0 0 0 0 0
369 104 1 1 91 0 0 0 0 0
fl=/build/buildd/glibc-2.21/string/../sysdeps/x86_64/memcpy.S
fn=mempcpy
61 25 1 1 0 0 0 0 0 0
65 25 0 0 0 0 0 0 0 0
68 24 0 0 0 0 0 0 0 0
69 24 0 0 0 0 0 0 0 0
71 9 0 0 9 1 1 0 0 0
72 9 0 0 0 0 0 9 3 3
74 9 1 1 0 0 0 0 0 0
75 9 0 0 0 0 0 0 0 0
80 24 0 0 0 0 0 0 0 0
81 24 0 0 0 0 0 0 0 0
83 18 0 0 18 0 0 0 0 0
84 18 0 0 0 0 0 18 0 0
86 18 0 0 0 0 0 0 0 0
87 18 0 0 0 0 0 0 0 0
92 24 0 0 0 0 0 0 0 0
93 24 0 0 0 0 0 0 0 0
95 7 0 0 7 0 0 0 0 0
96 7 0 0 0 0 0 7 0 0
98 7 0 0 0 0 0 0 0 0
99 7 0 0 0 0 0 0 0 0
104 24 0 0 0 0 0 0 0 0
105 24 0 0 0 0 0 0 0 0
107 14 0 0 14 0 0 0 0 0
108 14 0 0 0 0 0 14 0 0
110 14 0 0 0 0 0 0 0 0
111 28 0 0 0 0 0 0 0 0
116 24 1 1 0 0 0 0 0 0
117 26 0 0 0 0 0 0 0 0
122 2 0 0 2 1 0 0 0 0
123 2 0 0 2 0 0 0 0 0
124 2 0 0 0 0 0 2 1 1
125 2 0 0 0 0 0 2 1 1
127 2 0 0 0 0 0 0 0 0
129 2 0 0 0 0 0 0 0 0
130 2 0 0 0 0 0 0 0 0
132 2 0 0 0 0 0 0 0 0
138 24 0 0 0 0 0 0 0 0
142 24 0 0 24 0 0 0 0 0
154 2 0 0 0 0 0 0 0 0
156 2 0 0 0 0 0 0 0 0
157 2 0 0 0 0 0 0 0 0
183 2 1 1 0 0 0 0 0 0
184 2 0 0 0 0 0 0 0 0
187 2 0 0 0 0 0 0 0 0
188 2 0 0 0 0 0 0 0 0
189 2 0 0 0 0 0 0 0 0
194 2 0 0 0 0 0 0 0 0
196 2 0 0 2 0 0 0 0 0
197 2 0 0 2 0 0 0 0 0
198 2 0 0 2 0 0 0 0 0
199 2 1 1 2 0 0 0 0 0
201 2 0 0 0 0 0 2 0 0
202 2 0 0 0 0 0 2 0 0
203 2 0 0 0 0 0 2 0 0
204 2 0 0 0 0 0 2 0 0
206 2 0 0 0 0 0 0 0 0
207 2 0 0 0 0 0 0 0 0
209 2 0 0 0 0 0 0 0 0
231 2 1 1 0 0 0 0 0 0
233 2 0 0 0 0 0 0 0 0
235 1 0 0 0 0 0 0 0 0
242 1 0 0 1 0 0 0 0 0
fl=/build/buildd/glibc-2.21/string/../sysdeps/x86_64/multiarch/../cacheinfo.c
fn=handle_intel
303 16 0 0 0 0 0 12 0 0
304 4 1 1 0 0 0 0 0 0
315 6 0 0 0 0 0 2 0 0
317 2 1 1 0 0 0 2 0 0
318 4 0 0 0 0 0 2 0 0
320 2 0 0 0 0 0 0 0 0
326 8 1 1 0 0 0 2 0 0
331 4 0 0 0 0 0 0 0 0
333 6 0 0 0 0 0 2 0 0
334 2 0 0 0 0 0 0 0 0
338 10 0 0 0 0 0 2 0 0
339 4 0 0 0 0 0 0 0 0
342 10 1 1 0 0 0 2 0 0
343 4 0 0 0 0 0 0 0 0
346 5 0 0 0 0 0 1 0 0
347 2 0 0 0 0 0 0 0 0
350 5 0 0 1 0 0 1 0 0
351 2 0 0 0 0 0 0 0 0
360 16 1 1 14 0 0 0 0 0
fn=init_cacheinfo
548 3 0 0 0 0 0 3 0 0
561 3 1 1 1 0 0 0 0 0
568 2 0 0 0 0 0 0 0 0
570 4 0 0 1 0 0 1 0 0
573 1 0 0 0 0 0 0 0 0
574 4 1 1 1 0 0 1 0 0
576 2 0 0 0 0 0 0 0 0
587 1 0 0 1 0 0 0 0 0
605 4 0 0 1 0 0 0 0 0
612 22 1 1 0 0 0 0 0 0
618 8 0 0 0 0 0 0 0 0
621 16 0 0 0 0 0 0 0 0
623 1 1 1 0 0 0 0 0 0
629 5 0 0 0 0 0 0 0 0
636 11 0 0 0 0 0 0 0 0
638 2 0 0 0 0 0 0 0 0
640 8 1 1 0 0 0 0 0 0
642 4 0 0 0 0 0 0 0 0
647 1 0 0 0 0 0 0 0 0
649 5 0 0 0 0 0 0 0 0
650 2 0 0 0 0 0 0 0 0
655 2 0 0 0 0 0 0 0 0
667 4 0 0 0 0 0 0 0 0
668 4 0 0 0 0 0 0 0 0
742 2 1 1 0 0 0 0 0 0
744 3 0 0 0 0 0 1 0 0
745 1 0 0 0 0 0 1 1 1
747 1 0 0 0 0 0 0 0 0
748 3 0 0 0 0 0 1 0 0
749 1 0 0 0 0 0 1 0 0
752 2 0 0 0 0 0 0 0 0
754 3 0 0 0 0 0 1 0 0
755 1 0 0 0 0 0 1 1 1
757 1 1 1 0 0 0 0 0 0
758 3 0 0 0 0 0 1 0 0
759 1 0 0 0 0 0 1 0 0
761 4 0 0 4 0 0 0 0 0
fn=intel_check_word
150 174 0 0 87 8 8 0 0 0
153 84 0 0 0 0 0 0 0 0
161 36 0 0 0 0 0 24 1 0
162 12 1 1 0 0 0 0 0 0
164 4 0 0 0 0 0 0 0 0
168 42 1 1 0 0 0 0 0 0
170 44 0 0 0 0 0 0 0 0
172 13 0 0 0 0 0 0 0 0
174 26 0 0 0 0 0 0 0 0
182 26 0 0 0 0 0 0 0 0
233 26 0 0 0 0 0 0 0 0
273 12 0 0 3 0 0 0 0 0
275 2 1 1 0 0 0 0 0 0
277 4 0 0 0 0 0 0 0 0
279 2 1 1 2 0 0 0 0 0
287 2 0 0 0 0 0 0 0 0
293 11 0 0 0 0 0 0 0 0
298 36 0 0 30 0 0 0 0 0
fl=/build/buildd/glibc-2.21/string/../sysdeps/x86_64/multiarch/../memcpy.S
fn=__GI_memcpy
61 1 1 1 0 0 0 0 0 0
63 1 0 0 0 0 0 0 0 0
65 1 0 0 0 0 0 0 0 0
68 1 0 0 0 0 0 0 0 0
69 1 0 0 0 0 0 0 0 0
80 1 1 1 0 0 0 0 0 0
81 1 0 0 0 0 0 0 0 0
92 1 0 0 0 0 0 0 0 0
93 1 0 0 0 0 0 0 0 0
95 1 0 0 1 0 0 0 0 0
96 1 0 0 0 0 0 1 0 0
98 1 0 0 0 0 0 0 0 0
99 1 0 0 0 0 0 0 0 0
104 1 0 0 0 0 0 0 0 0
105 1 0 0 0 0 0 0 0 0
116 1 0 0 0 0 0 0 0 0
117 2 0 0 0 0 0 0 0 0
122 1 0 0 1 0 0 0 0 0
123 1 0 0 1 0 0 0 0 0
124 1 0 0 0 0 0 1 0 0
125 1 0 0 0 0 0 1 0 0
127 1 0 0 0 0 0 0 0 0
129 1 0 0 0 0 0 0 0 0
130 1 0 0 0 0 0 0 0 0
132 1 0 0 0 0 0 0 0 0
140 1 0 0 1 0 0 0 0 0
148 1 1 1 0 0 0 1 0 0
154 1 0 0 0 0 0 0 0 0
156 1 0 0 0 0 0 0 0 0
157 1 0 0 0 0 0 0 0 0
160 1 1 1 0 0 0 0 0 0
161 3 0 0 0 0 0 0 0 0
166 5 0 0 5 0 0 0 0 0
167 5 0 0 0 0 0 5 1 1
169 5 0 0 0 0 0 0 0 0
171 5 0 0 0 0 0 0 0 0
172 5 0 0 0 0 0 0 0 0
174 7 0 0 0 0 0 0 0 0
183 1 0 0 0 0 0 0 0 0
184 1 0 0 0 0 0 0 0 0
187 1 0 0 0 0 0 0 0 0
188 1 0 0 0 0 0 0 0 0
189 1 0 0 0 0 0 0 0 0
194 1 1 1 0 0 0 0 0 0
196 1 0 0 1 0 0 0 0 0
197 1 0 0 1 0 0 0 0 0
198 1 0 0 1 0 0 0 0 0
199 1 0 0 1 0 0 0 0 0
201 1 0 0 0 0 0 1 0 0
202 1 0 0 0 0 0 1 0 0
203 1 0 0 0 0 0 1 0 0
204 1 0 0 0 0 0 1 0 0
206 1 0 0 0 0 0 0 0 0
207 1 0 0 0 0 0 0 0 0
209 1 0 0 0 0 0 0 0 0
231 1 1 1 0 0 0 0 0 0
237 1 0 0 1 0 0 0 0 0
238 1 0 0 0 0 0 0 0 0
fn=memcpy
61 15 1 1 0 0 0 0 0 0
63 15 0 0 0 0 0 0 0 0
65 15 0 0 0 0 0 0 0 0
68 13 0 0 0 0 0 0 0 0
69 13 0 0 0 0 0 0 0 0
71 5 0 0 5 0 0 0 0 0
72 5 0 0 0 0 0 5 2 2
74 5 0 0 0 0 0 0 0 0
75 5 0 0 0 0 0 0 0 0
80 13 0 0 0 0 0 0 0 0
81 13 0 0 0 0 0 0 0 0
83 5 0 0 5 0 0 0 0 0
84 5 0 0 0 0 0 5 1 1
86 5 0 0 0 0 0 0 0 0
87 10 0 0 0 0 0 0 0 0
92 13 1 1 0 0 0 0 0 0
93 13 0 0 0 0 0 0 0 0
95 2 0 0 2 0 0 0 0 0
96 2 0 0 0 0 0 2 0 0
98 2 0 0 0 0 0 0 0 0
99 2 0 0 0 0 0 0 0 0
104 13 0 0 0 0 0 0 0 0
105 13 0 0 0 0 0 0 0 0
107 8 0 0 8 0 0 0 0 0
108 8 0 0 0 0 0 8 2 2
110 8 0 0 0 0 0 0 0 0
111 8 0 0 0 0 0 0 0 0
116 13 0 0 0 0 0 0 0 0
117 19 0 0 0 0 0 0 0 0
122 6 0 0 6 0 0 0 0 0
123 6 0 0 6 0 0 0 0 0
124 6 0 0 0 0 0 6 0 0
125 6 0 0 0 0 0 6 0 0
127 6 0 0 0 0 0 0 0 0
129 6 0 0 0 0 0 0 0 0
130 6 0 0 0 0 0 0 0 0
132 6 0 0 0 0 0 0 0 0
140 13 1 1 13 0 0 0 0 0
148 6 0 0 0 0 0 6 0 0
154 6 0 0 0 0 0 0 0 0
156 6 0 0 0 0 0 0 0 0
157 6 0 0 0 0 0 0 0 0
160 2 0 0 0 0 0 0 0 0
161 6 0 0 0 0 0 0 0 0
166 8 1 1 8 0 0 0 0 0
167 8 0 0 0 0 0 8 0 0
169 8 0 0 0 0 0 0 0 0
171 8 0 0 0 0 0 0 0 0
172 8 0 0 0 0 0 0 0 0
174 12 0 0 0 0 0 0 0 0
183 6 0 0 0 0 0 0 0 0
184 6 0 0 0 0 0 0 0 0
187 6 0 0 0 0 0 0 0 0
188 6 0 0 0 0 0 0 0 0
189 6 0 0 0 0 0 0 0 0
194 5 0 0 0 0 0 0 0 0
196 5 0 0 5 0 0 0 0 0
197 5 0 0 5 0 0 0 0 0
198 5 0 0 5 0 0 0 0 0
199 5 1 1 5 0 0 0 0 0
201 5 0 0 0 0 0 5 1 1
202 5 0 0 0 0 0 5 0 0
203 5 0 0 0 0 0 5 0 0
204 5 0 0 0 0 0 5 2 2
206 5 0 0 0 0 0 0 0 0
207 5 0 0 0 0 0 0 0 0
209 5 0 0 0 0 0 0 0 0
231 6 1 1 0 0 0 0 0 0
237 6 0 0 6 0 0 0 0 0
238 6 0 0 0 0 0 0 0 0
240 2 0 0 2 0 0 0 0 0
fl=/build/buildd/glibc-2.21/string/../sysdeps/x86_64/multiarch/../rtld-memset.S
fn=memset
30 10 0 0 0 0 0 0 0 0
31 10 0 0 0 0 0 0 0 0
32 10 0 0 0 0 0 0 0 0
33 2192 0 0 0 0 0 2182 34 34
34 10 0 0 0 0 0 0 0 0
35 10 0 0 10 0 0 0 0 0
fl=/build/buildd/glibc-2.21/string/../sysdeps/x86_64/multiarch/../strchr.S
fn=__GI_strchr
24 65 0 0 0 0 0 0 0 0
25 65 0 0 0 0 0 0 0 0
26 65 0 0 0 0 0 0 0 0
27 65 0 0 0 0 0 0 0 0
28 65 0 0 0 0 0 0 0 0
29 65 0 0 0 0 0 0 0 0
30 65 0 0 0 0 0 0 0 0
31 65 0 0 0 0 0 0 0 0
32 65 0 0 65 1 1 0 0 0
33 65 0 0 0 0 0 0 0 0
34 65 0 0 0 0 0 0 0 0
35 65 1 1 0 0 0 0 0 0
36 65 0 0 0 0 0 0 0 0
37 65 0 0 0 0 0 0 0 0
38 65 0 0 0 0 0 0 0 0
39 65 0 0 0 0 0 0 0 0
40 65 0 0 0 0 0 0 0 0
41 46 0 0 0 0 0 0 0 0
45 46 0 0 0 0 0 0 0 0
46 46 0 0 0 0 0 0 0 0
47 46 0 0 46 0 0 0 0 0
48 46 0 0 0 0 0 0 0 0
50 46 0 0 46 0 0 0 0 0
54 19 0 0 19 1 0 0 0 0
55 19 0 0 0 0 0 0 0 0
56 19 0 0 0 0 0 0 0 0
57 19 0 0 0 0 0 0 0 0
58 19 0 0 0 0 0 0 0 0
59 19 1 1 0 0 0 0 0 0
60 19 0 0 19 0 0 0 0 0
61 19 0 0 0 0 0 0 0 0
62 19 0 0 0 0 0 0 0 0
63 19 0 0 0 0 0 0 0 0
64 19 0 0 0 0 0 0 0 0
65 19 0 0 0 0 0 0 0 0
66 19 0 0 0 0 0 0 0 0
67 19 0 0 19 2 1 0 0 0
68 19 0 0 0 0 0 0 0 0
69 19 0 0 0 0 0 0 0 0
70 19 0 0 0 0 0 0 0 0
71 19 0 0 0 0 0 0 0 0
72 19 0 0 0 0 0 0 0 0
73 19 0 0 0 0 0 0 0 0
74 19 0 0 0 0 0 0 0 0
75 19 1 1 0 0 0 0 0 0
76 19 0 0 0 0 0 0 0 0
77 19 0 0 0 0 0 0 0 0
129 19 1 1 0 0 0 0 0 0
133 19 0 0 0 0 0 0 0 0
134 19 0 0 0 0 0 0 0 0
135 19 0 0 19 0 0 0 0 0
136 19 1 1 0 0 0 0 0 0
138 19 0 0 19 0 0 0 0 0
fn=index
24 8 1 1 0 0 0 0 0 0
25 8 0 0 0 0 0 0 0 0
26 8 0 0 0 0 0 0 0 0
27 8 0 0 0 0 0 0 0 0
28 8 0 0 0 0 0 0 0 0
29 8 0 0 0 0 0 0 0 0
30 8 0 0 0 0 0 0 0 0
31 8 1 1 0 0 0 0 0 0
32 8 0 0 8 2 2 0 0 0
33 8 0 0 0 0 0 0 0 0
34 8 0 0 0 0 0 0 0 0
35 8 0 0 0 0 0 0 0 0
36 8 0 0 0 0 0 0 0 0
37 8 0 0 0 0 0 0 0 0
38 8 0 0 0 0 0 0 0 0
39 8 0 0 0 0 0 0 0 0
40 8 0 0 0 0 0 0 0 0
41 5 0 0 0 0 0 0 0 0
45 5 0 0 0 0 0 0 0 0
46 5 0 0 0 0 0 0 0 0
47 5 0 0 5 0 0 0 0 0
48 5 0 0 0 0 0 0 0 0
50 5 0 0 5 0 0 0 0 0
54 3 0 0 3 0 0 0 0 0
55 3 1 1 0 0 0 0 0 0
56 3 0 0 0 0 0 0 0 0
57 3 0 0 0 0 0 0 0 0
58 3 0 0 0 0 0 0 0 0
59 3 0 0 0 0 0 0 0 0
60 3 0 0 3 0 0 0 0 0
61 3 0 0 0 0 0 0 0 0
62 3 0 0 0 0 0 0 0 0
63 3 0 0 0 0 0 0 0 0
64 3 0 0 0 0 0 0 0 0
65 3 0 0 0 0 0 0 0 0
66 3 0 0 0 0 0 0 0 0
67 3 0 0 3 0 0 0 0 0
68 3 0 0 0 0 0 0 0 0
69 3 0 0 0 0 0 0 0 0
70 3 0 0 0 0 0 0 0 0
71 3 1 1 0 0 0 0 0 0
72 3 0 0 0 0 0 0 0 0
73 3 0 0 0 0 0 0 0 0
74 3 0 0 0 0 0 0 0 0
75 3 0 0 0 0 0 0 0 0
76 3 0 0 0 0 0 0 0 0
77 3 0 0 0 0 0 0 0 0
129 3 1 1 0 0 0 0 0 0
133 3 0 0 0 0 0 0 0 0
134 3 0 0 0 0 0 0 0 0
135 3 0 0 3 0 0 0 0 0
136 3 0 0 0 0 0 0 0 0
138 3 0 0 3 0 0 0 0 0
fl=/build/buildd/glibc-2.21/string/../sysdeps/x86_64/multiarch/../strcmp.S
fn=strcmp
131 4039 1 1 4039 94 76 0 0 0
132 4039 0 0 4039 8 5 0 0 0
133 4039 0 0 0 0 0 0 0 0
134 3533 0 0 0 0 0 0 0 0
135 3533 0 0 0 0 0 0 0 0
136 3533 0 0 0 0 0 0 0 0
137 3533 0 0 0 0 0 0 0 0
139 324 0 0 0 0 0 0 0 0
140 324 0 0 324 0 0 0 0 0
142 506 0 0 0 0 0 0 0 0
143 506 0 0 0 0 0 0 0 0
144 506 0 0 0 0 0 0 0 0
145 506 0 0 506 0 0 0 0 0
fl=/build/buildd/glibc-2.21/string/../sysdeps/x86_64/multiarch/memcmp.S
fn=bcmp
29 1 1 1 1 0 0 0 0 0
30 1 0 0 0 0 0 0 0 0
33 1 1 1 1 0 0 0 0 0
34 1 0 0 0 0 0 0 0 0
38 1 0 0 1 0 0 0 0 0
39 1 0 0 0 0 0 0 0 0
40 1 0 0 0 0 0 0 0 0
41 1 0 0 1 0 0 0 0 0
fl=/build/buildd/glibc-2.21/string/../sysdeps/x86_64/multiarch/memcpy-ssse3-back.S
fn=__mempcpy_ssse3_back
55 2 1 1 0 0 0 0 0 0
57 2 0 0 0 0 0 0 0 0
69 2 0 0 0 0 0 0 0 0
70 2 0 0 0 0 0 0 0 0
74 2 0 0 0 0 0 0 0 0
75 2 0 0 0 0 0 0 0 0
83 8 1 1 2 2 2 0 0 0
2558 1 1 1 1 0 0 0 0 0
2559 1 0 0 0 0 0 1 0 0
2561 1 0 0 1 0 0 0 0 0
2562 1 0 0 0 0 0 1 0 0
2564 1 0 0 1 0 0 0 0 0
2565 1 0 0 1 0 0 0 0 0
2566 1 0 0 0 0 0 1 0 0
2567 1 0 0 0 0 0 1 0 0
2568 1 0 0 1 0 0 0 0 0
2753 1 1 1 1 0 0 0 0 0
2754 1 0 0 1 0 0 0 0 0
2755 1 0 0 0 0 0 1 0 0
2756 1 0 0 0 0 0 1 0 0
2757 1 0 0 1 0 0 0 0 0
fl=/build/buildd/glibc-2.21/string/../sysdeps/x86_64/multiarch/memcpy.S
fn=memcpy@@GLIBC_2.14
32 1 1 1 1 0 0 0 0 0
33 1 0 0 0 0 0 0 0 0
35 1 0 0 0 0 0 0 0 0
36 1 0 0 1 0 0 0 0 0
37 1 0 0 0 0 0 0 0 0
39 1 0 0 0 0 0 0 0 0
40 1 0 0 1 0 0 0 0 0
41 1 0 0 0 0 0 0 0 0
42 1 0 0 0 0 0 0 0 0
43 1 0 0 1 0 0 0 0 0
fl=/build/buildd/glibc-2.21/string/../sysdeps/x86_64/multiarch/memmove.c
fn=memcpy@GLIBC_2.2.5
51 2 1 1 0 0 0 0 0 0
fl=/build/buildd/glibc-2.21/string/../sysdeps/x86_64/multiarch/mempcpy.S
fn=mempcpy
30 1 1 1 1 0 0 0 0 0
31 1 0 0 0 0 0 0 0 0
33 1 0 0 0 0 0 0 0 0
34 1 0 0 1 0 0 0 0 0
35 1 0 0 0 0 0 0 0 0
36 1 0 0 0 0 0 0 0 0
37 1 0 0 1 0 0 0 0 0
38 1 0 0 0 0 0 0 0 0
39 1 0 0 0 0 0 0 0 0
40 1 1 1 1 0 0 0 0 0
41 1 0 0 0 0 0 0 0 0
43 1 0 0 1 0 0 0 0 0
fl=/build/buildd/glibc-2.21/string/../sysdeps/x86_64/multiarch/strchr.S
fn=index
28 1 1 1 1 0 0 0 0 0
29 1 0 0 0 0 0 0 0 0
31 1 0 0 0 0 0 0 0 0
32 1 0 0 1 0 0 0 0 0
33 1 1 1 0 0 0 0 0 0
35 1 0 0 1 0 0 0 0 0
fl=/build/buildd/glibc-2.21/string/../sysdeps/x86_64/multiarch/strcmp.S
fn=strcasecmp
114 2 1 1 2 1 1 0 0 0
115 2 0 0 0 0 0 0 0 0
116 1 0 0 0 0 0 1 0 0
119 2 1 1 0 0 0 0 0 0
120 2 0 0 2 0 0 0 0 0
121 2 0 0 0 0 0 0 0 0
123 2 0 0 2 0 0 0 0 0
124 2 0 0 0 0 0 0 0 0
125 2 0 0 0 0 0 0 0 0
126 2 0 0 2 0 0 0 0 0
127 2 0 0 0 0 0 0 0 0
132 2 1 1 2 0 0 0 0 0
fn=strcmp
88 1 1 1 1 0 0 0 0 0
89 1 0 0 0 0 0 0 0 0
93 1 1 1 0 0 0 0 0 0
94 1 0 0 1 1 0 0 0 0
95 1 0 0 0 0 0 0 0 0
107 1 0 0 1 0 0 0 0 0
fn=strncasecmp
140 1 1 1 1 0 0 0 0 0
141 1 0 0 0 0 0 0 0 0
145 1 0 0 0 0 0 0 0 0
146 1 0 0 1 0 0 0 0 0
147 1 1 1 0 0 0 0 0 0
149 1 0 0 1 0 0 0 0 0
150 1 0 0 0 0 0 0 0 0
151 1 0 0 0 0 0 0 0 0
152 1 0 0 1 0 0 0 0 0
153 1 0 0 0 0 0 0 0 0
158 1 0 0 1 0 0 0 0 0
fl=/build/buildd/glibc-2.21/string/../sysdeps/x86_64/multiarch/strcpy.S
fn=stpcpy
64 1 1 1 1 0 0 0 0 0
65 1 0 0 0 0 0 0 0 0
67 1 0 0 0 0 0 0 0 0
68 1 0 0 1 1 0 0 0 0
69 1 0 0 0 0 0 0 0 0
74 1 0 0 1 0 0 0 0 0
fn=strcpy
64 1 1 1 1 0 0 0 0 0
65 1 0 0 0 0 0 0 0 0
67 1 0 0 0 0 0 0 0 0
68 1 0 0 1 0 0 0 0 0
69 1 0 0 0 0 0 0 0 0
74 1 0 0 1 0 0 0 0 0
fl=/build/buildd/glibc-2.21/string/../sysdeps/x86_64/multiarch/strcspn.S
fn=strcspn
48 1 1 1 1 0 0 0 0 0
49 1 0 0 0 0 0 0 0 0
51 1 0 0 0 0 0 0 0 0
52 1 0 0 1 0 0 0 0 0
53 1 1 1 0 0 0 0 0 0
54 1 0 0 0 0 0 0 0 0
55 1 0 0 1 0 0 0 0 0
fn=strpbrk
48 1 1 1 1 0 0 0 0 0
49 1 0 0 0 0 0 0 0 0
51 1 0 0 0 0 0 0 0 0
52 1 0 0 1 0 0 0 0 0
53 1 0 0 0 0 0 0 0 0
54 1 0 0 0 0 0 0 0 0
55 1 0 0 1 0 0 0 0 0
fl=/build/buildd/glibc-2.21/string/../sysdeps/x86_64/multiarch/strspn.S
fn=strspn
33 1 1 1 1 0 0 0 0 0
34 1 0 0 0 0 0 0 0 0
36 1 0 0 0 0 0 0 0 0
37 1 0 0 1 0 0 0 0 0
38 1 0 0 0 0 0 0 0 0
39 1 0 0 0 0 0 0 0 0
40 1 0 0 1 0 0 0 0 0
fl=/build/buildd/glibc-2.21/string/../sysdeps/x86_64/multiarch/strstr.c
fn=strstr
44 2 1 1 0 0 0 0 0 0
fl=/build/buildd/glibc-2.21/string/../sysdeps/x86_64/rtld-strlen.S
fn=strlen
26 16 1 1 0 0 0 0 0 0
27 16 0 0 0 0 0 0 0 0
28 16 0 0 0 0 0 0 0 0
29 16 0 0 0 0 0 0 0 0
31 8 0 0 0 0 0 0 0 0
32 8 0 0 0 0 0 0 0 0
34 34 0 0 34 0 0 0 0 0
35 34 0 0 0 0 0 0 0 0
36 33 0 0 0 0 0 0 0 0
37 33 0 0 0 0 0 0 0 0
38 33 0 0 0 0 0 0 0 0
40 30 0 0 0 0 0 0 0 0
45 19 0 0 19 0 0 0 0 0
46 19 0 0 0 0 0 0 0 0
47 19 0 0 0 0 0 0 0 0
48 19 0 0 0 0 0 0 0 0
51 19 0 0 0 0 0 0 0 0
52 18 1 1 0 0 0 0 0 0
53 18 0 0 0 0 0 0 0 0
54 18 0 0 0 0 0 0 0 0
56 18 0 0 0 0 0 0 0 0
59 16 0 0 16 0 0 0 0 0
60 16 0 0 0 0 0 0 0 0
61 16 0 0 0 0 0 0 0 0
62 16 0 0 0 0 0 0 0 0
65 16 0 0 0 0 0 0 0 0
66 10 0 0 0 0 0 0 0 0
67 10 0 0 0 0 0 0 0 0
68 10 0 0 0 0 0 0 0 0
70 10 0 0 0 0 0 0 0 0
73 8 0 0 8 0 0 0 0 0
74 8 0 0 0 0 0 0 0 0
75 8 0 0 0 0 0 0 0 0
76 8 0 0 0 0 0 0 0 0
79 8 0 0 0 0 0 0 0 0
80 8 0 0 0 0 0 0 0 0
81 8 0 0 0 0 0 0 0 0
82 8 0 0 0 0 0 0 0 0
84 8 0 0 0 0 0 0 0 0
87 7 0 0 7 0 0 0 0 0
88 7 0 0 0 0 0 0 0 0
89 7 0 0 0 0 0 0 0 0
90 7 0 0 0 0 0 0 0 0
93 7 0 0 0 0 0 0 0 0
94 5 0 0 0 0 0 0 0 0
95 5 0 0 0 0 0 0 0 0
96 5 0 0 0 0 0 0 0 0
98 6 0 0 0 0 0 0 0 0
101 15 1 1 0 0 0 0 0 0
103 15 0 0 0 0 0 0 0 0
104 15 0 0 0 0 0 0 0 0
105 14 0 0 0 0 0 0 0 0
107 14 0 0 0 0 0 0 0 0
108 14 0 0 0 0 0 0 0 0
109 13 0 0 0 0 0 0 0 0
111 13 0 0 0 0 0 0 0 0
112 13 0 0 0 0 0 0 0 0
113 9 0 0 0 0 0 0 0 0
115 9 1 1 0 0 0 0 0 0
116 9 0 0 0 0 0 0 0 0
117 9 0 0 0 0 0 0 0 0
119 9 0 0 0 0 0 0 0 0
121 9 0 0 0 0 0 0 0 0
122 9 0 0 0 0 0 0 0 0
123 8 0 0 0 0 0 0 0 0
125 8 0 0 0 0 0 0 0 0
126 8 0 0 0 0 0 0 0 0
127 7 0 0 0 0 0 0 0 0
129 7 0 0 0 0 0 0 0 0
130 7 0 0 0 0 0 0 0 0
131 5 0 0 0 0 0 0 0 0
133 16 0 0 0 0 0 0 0 0
134 16 0 0 16 0 0 0 0 0
fl=/build/buildd/glibc-2.21/string/../sysdeps/x86_64/strchr.S
fn=strchrnul
24 5 1 1 0 0 0 0 0 0
25 5 0 0 0 0 0 0 0 0
26 5 0 0 0 0 0 0 0 0
27 5 0 0 0 0 0 0 0 0
28 5 0 0 0 0 0 0 0 0
29 5 0 0 0 0 0 0 0 0
30 5 0 0 0 0 0 0 0 0
31 5 0 0 0 0 0 0 0 0
32 3 0 0 3 0 0 0 0 0
33 3 0 0 0 0 0 0 0 0
34 3 0 0 0 0 0 0 0 0
35 3 1 1 0 0 0 0 0 0
36 3 0 0 0 0 0 0 0 0
37 3 0 0 0 0 0 0 0 0
38 3 0 0 0 0 0 0 0 0
39 3 0 0 0 0 0 0 0 0
40 3 0 0 0 0 0 0 0 0
41 3 0 0 0 0 0 0 0 0
43 3 0 0 0 0 0 0 0 0
50 3 0 0 3 0 0 0 0 0
129 2 1 1 0 0 0 0 0 0
131 2 0 0 0 0 0 0 0 0
138 2 0 0 2 0 0 0 0 0
142 2 1 1 0 0 0 0 0 0
143 2 0 0 0 0 0 0 0 0
144 2 0 0 0 0 0 0 0 0
145 2 0 0 0 0 0 0 0 0
146 2 0 0 2 1 1 0 0 0
147 2 0 0 0 0 0 0 0 0
148 2 0 0 0 0 0 0 0 0
149 2 0 0 0 0 0 0 0 0
150 2 0 0 0 0 0 0 0 0
151 2 0 0 0 0 0 0 0 0
152 2 0 0 2 0 0 0 0 0
153 2 0 0 0 0 0 0 0 0
154 2 0 0 0 0 0 0 0 0
155 2 0 0 0 0 0 0 0 0
156 2 0 0 0 0 0 0 0 0
157 2 1 1 0 0 0 0 0 0
158 2 0 0 2 0 0 0 0 0
159 2 0 0 0 0 0 0 0 0
160 2 0 0 0 0 0 0 0 0
161 2 0 0 0 0 0 0 0 0
162 2 0 0 0 0 0 0 0 0
163 2 0 0 0 0 0 0 0 0
164 2 0 0 0 0 0 0 0 0
165 2 0 0 2 0 0 0 0 0
166 2 0 0 0 0 0 0 0 0
167 2 0 0 0 0 0 0 0 0
168 2 0 0 0 0 0 0 0 0
169 2 0 0 0 0 0 0 0 0
170 2 0 0 0 0 0 0 0 0
171 2 0 0 0 0 0 0 0 0
172 2 0 0 0 0 0 0 0 0
173 2 1 1 0 0 0 0 0 0
174 2 0 0 0 0 0 0 0 0
175 2 0 0 0 0 0 0 0 0
176 2 0 0 0 0 0 0 0 0
177 2 0 0 0 0 0 0 0 0
178 2 0 0 0 0 0 0 0 0
179 2 0 0 0 0 0 0 0 0
fl=/build/buildd/glibc-2.21/string/../sysdeps/x86_64/strlen.S
fn=strlen
66 2 1 1 0 0 0 0 0 0
67 2 0 0 0 0 0 0 0 0
68 2 0 0 0 0 0 0 0 0
69 2 0 0 0 0 0 0 0 0
70 2 0 0 0 0 0 0 0 0
71 2 0 0 0 0 0 0 0 0
72 2 0 0 0 0 0 0 0 0
74 2 0 0 0 0 0 0 0 0
76 2 0 0 0 0 0 0 0 0
106 2 0 0 2 0 0 0 0 0
107 2 1 1 0 0 0 0 0 0
108 2 0 0 0 0 0 0 0 0
109 2 0 0 0 0 0 0 0 0
110 2 0 0 0 0 0 0 0 0
116 2 0 0 0 0 0 0 0 0
117 2 0 0 2 0 0 0 0 0
118 2 0 0 2 0 0 0 0 0
119 2 0 0 2 0 0 0 0 0
120 2 0 0 0 0 0 0 0 0
121 2 0 0 0 0 0 0 0 0
122 2 0 0 0 0 0 0 0 0
123 2 0 0 0 0 0 0 0 0
124 2 0 0 0 0 0 0 0 0
125 2 1 1 0 0 0 0 0 0
126 2 0 0 0 0 0 0 0 0
127 2 0 0 0 0 0 0 0 0
132 14 0 0 1 0 0 0 0 0
203 1 1 1 1 0 0 0 0 0
204 1 0 0 1 0 0 0 0 0
205 1 0 0 1 0 0 0 0 0
206 1 0 0 1 0 0 0 0 0
207 1 0 0 0 0 0 0 0 0
208 1 0 0 0 0 0 0 0 0
209 1 0 0 0 0 0 0 0 0
210 1 0 0 0 0 0 0 0 0
226 1 1 1 0 0 0 0 0 0
228 1 0 0 0 0 0 0 0 0
229 14 1 1 4 0 0 0 0 0
231 1 0 0 0 0 0 0 0 0
232 1 0 0 0 0 0 0 0 0
233 1 1 1 0 0 0 0 0 0
234 1 0 0 1 0 0 0 0 0
fl=/build/buildd/glibc-2.21/string/../sysdeps/x86_64/strrchr.S
fn=rindex
24 1 1 1 0 0 0 0 0 0
25 1 0 0 0 0 0 0 0 0
26 1 0 0 0 0 0 0 0 0
27 1 0 0 0 0 0 0 0 0
28 1 0 0 0 0 0 0 0 0
29 1 0 0 0 0 0 0 0 0
30 1 0 0 0 0 0 0 0 0
31 1 0 0 0 0 0 0 0 0
32 1 0 0 1 1 0 0 0 0
33 1 0 0 0 0 0 0 0 0
34 1 1 1 0 0 0 0 0 0
35 1 0 0 0 0 0 0 0 0
36 1 0 0 0 0 0 0 0 0
37 1 0 0 0 0 0 0 0 0
38 1 0 0 0 0 0 0 0 0
39 1 0 0 0 0 0 0 0 0
40 1 0 0 0 0 0 0 0 0
41 1 0 0 0 0 0 0 0 0
42 1 0 0 0 0 0 0 0 0
43 1 0 0 0 0 0 0 0 0
44 1 0 0 0 0 0 0 0 0
45 1 0 0 0 0 0 0 0 0
46 1 0 0 0 0 0 0 0 0
47 1 0 0 1 0 0 0 0 0
fl=/build/buildd/glibc-2.21/string/strdup.c
fn=strdup
40 20 1 1 0 0 0 10 0 0
41 10 1 1 0 0 0 5 0 0
42 10 0 0 0 0 0 5 0 0
44 10 0 0 0 0 0 0 0 0
47 20 1 1 0 0 0 0 0 0
48 15 0 0 10 0 0 0 0 0
fl=/build/buildd/glibc-2.21/time/../sysdeps/generic/dl-hash.h
fn=gettimeofday
45 12 0 0 4 0 0 0 0 0
48 12 1 1 0 0 0 0 0 0
49 8 0 0 0 0 0 0 0 0
62 8 0 0 0 0 0 0 0 0
67 1 0 0 0 0 0 0 0 0
fn=time
45 12 0 0 4 1 1 0 0 0
48 12 0 0 0 0 0 0 0 0
49 8 0 0 0 0 0 0 0 0
62 8 0 0 0 0 0 0 0 0
67 1 0 0 0 0 0 0 0 0
fl=/build/buildd/glibc-2.21/time/../sysdeps/unix/sysv/linux/x86/gettimeofday.c
fn=gettimeofday
29 1 0 0 0 0 0 0 0 0
30 10 2 2 0 0 0 4 0 0
33 3 0 0 0 0 0 1 0 0
34 3 0 0 0 0 0 0 0 0
35 2 0 0 1 0 0 0 0 0
fl=/build/buildd/glibc-2.21/time/../sysdeps/unix/sysv/linux/x86/time.c
fn=time
29 1 0 0 0 0 0 0 0 0
30 10 2 2 0 0 0 4 0 0
32 6 1 1 0 0 0 1 0 0
33 2 0 0 1 0 0 0 0 0
fl=???
fn=???
0 19575 158 153 3332 64 24 1644 15 9
fn=_dl_debug_initialize
0 4 2 1 3 0 0 0 0 0
fn=memcpy@GLIBC_2.2.5
0 32 1 1 8 0 0 0 0 0
fn=strstr
0 18 1 1 6 0 0 0 0 0
summary: 295478 1024 1007 75852 2753 2263 28585 664 626
